100 24
0.01948078262058863 0.044212621916712 0.02123814304812401 0.011658690983566007 0.06289177396821657 0.06001830500739274 -0.13293625180733296 -0.15054944995635056 -0.11478474535083738 -0.1294300259494877 -0.026216368173634787 -0.007741749169966241 0.02966073885083698 -0.007075798030680015 -0.06264984655135065 -0.029077195411483483 -0.0036873532174769423 0.011204993117698002 -0.11052410256535455 -0.12073946281002064 0.03679104435249683 0.0611692011092594 6.22103378977662e-05 -0.0035414248371109978 
0.19290132552152436 0.1778521563407753 0.04746575950851549 0.051803208160124625 -0.0898252704034967 -0.11217805501937524 0.020360926367907484 0.010774212862410927 -0.03921395620286106 -0.027552666618425717 0.0058587956632141 0.002633870016401489 0.049259287620101073 0.04354679121369683 -0.09545526634524164 -0.08566883538015847 -0.05645551053355375 -0.036061422008075904 0.04232385418933161 0.04330363805324081 0.021273324857655873 0.02467943547313744 -0.1657061628082746 -0.181262686257743 
-0.21745245687825138 -0.20529117024641633 -0.07169977156387722 -0.09218524809581648 -0.015306099185697817 0.0035433347604558827 -0.02660804271885666 -0.00866965281865895 -0.09687686963470074 -0.11279275231860533 -0.12165551185180395 -0.13569254661233177 0.1043067272404455 0.09588623825056664 -0.1569427209566585 -0.18988373837480557 0.17028419517689405 0.15841707624255127 0.08822285470092091 0.08709168517748096 0.12493266679009093 0.13153082783095252 -0.051021814512930405 -0.018433849275948027 
-0.05585802709621788 -0.04586708108057916 0.16307618691910178 0.18733849441776174 -0.16752666988960604 -0.18286440285041908 0.01096917424059033 0.006836233676855539 -0.0239997983595032 -0.046668421587137826 -0.05361119082241853 -0.0036606861041977522 -0.21600351202549525 -0.2079843550884976 0.07045155462601665 0.08548017787917611 0.0965716247648167 0.07285799140366368 -0.07681904682101896 -0.09175864641407214 0.1408425244164952 0.12084869867523637 -0.12491926754384622 -0.12822860192260585 
0.3279077692976077 0.3248609348686089 0.06031363615932323 0.052277343592498485 -0.13383720140796526 -0.10629979575070267 -0.14256781365071708 -0.16771291261164775 0.06881045070274529 0.06539054049369453 -0.01696874642019555 -0.053834922831348345 0.023170055215398593 0.019358769338942247 -0.045649882993708535 -0.059856913843805024 -0.061207944102971784 -0.05919525137613672 0.03095471503154643 0.03990718011416485 0.06880369400662541 0.056783970405848476 -0.04907821786548637 -0.07261301511201569 
0.024644690472494287 0.04192002336448234 0.011811750516460167 0.013666804936456218 0.20394266924725254 0.21781051772551516 0.04836933810058301 0.02255452937514411 -0.11425338427418263 -0.10445873970424528 0.04575453409387476 0.04008068830932908 0.03513174373510817 0.008296406278980626 -0.004419354632759258 -0.0003064255252281387 -0.13794654869721745 -0.11121998137458086 0.006358149600288667 0.00550114785833911 -0.027019702452824226 -0.01082820362485173 0.15228554837711594 0.13592267266242164 
-0.030096923853934043 -0.034277105892170895 0.018825410765146128 0.009883780963185162 -0.1103354387870031 -0.11346111877836729 -0.04360150583789926 -0.01203262142444424 -0.17166132028201822 -0.15819535831825968 -0.23611414916405907 -0.2357230094624774 0.033466534536856773 0.03784805421650221 -0.019486680333806707 -0.007745327883225932 -0.19444224520128262 -0.20058883149430537 0.057890608035450174 0.016840525501353884 0.12470303107635605 0.1371533312802546 0.0833869627242036 0.10965467605139999 
-0.06495193518308011 -0.08277550258811707 0.04925753610970382 0.04939307155836644 0.08300413218201852 0.05873825496676039 0.011013872143657235 0.022095811456316873 0.14276987499308344 0.14040972487344264 -0.0948957667370463 -0.11007671976872692 -0.11001387680222503 -0.1177321138526136 0.05751736859677687 0.04824715346329006 0.026558479722326837 0.0012817393279883212 -0.17708552694817678 -0.1779753201304967 0.005299863808437307 0.002627737505661303 -0.18045419637368945 -0.13953689571704783 
-0.034466290771623886 -0.02389301542433762 -0.09681371227193718 -0.08040668943126847 -0.047855599662249136 -0.052050185461627686 0.09744035967795145 0.05852241907289198 -0.14485761901225191 -0.13728985637224164 -0.11102071286294835 -0.11750645952669031 0.14209549097868632 0.17010244003491054 0.05062871276447511 0.05135917546261188 -0.043723210835999324 -0.0615425334907405 -0.019018941508568348 -0.0477409871595733 0.04455510368006101 0.023007810524961748 -0.019021664224976 -0.02866672515120578 
-0.0882437170948605 -0.06516178286294912 0.011895583913762334 0.0005922074605499429 0.029357624151686117 0.013027733586001969 -0.06862481891102809 -0.05619463650456439 0.01566554529132379 0.015516346197790796 -0.19936048940411794 -0.19809843260998336 -0.02624899140222775 -0.01508081365943986 0.018131269453820112 0.005456522386135093 0.0679224120834859 0.051720068962231226 -0.05661876632502114 -0.08837608791039546 0.09980808852767471 0.11772919453467943 0.023933052370927674 0.022453588440462857 
0.047567850676456865 0.06295121884002458 0.09000531865433671 0.07395530651220829 0.12176156652278652 0.10937602835522833 -0.04294167797836495 -0.08228709291317313 -0.0457840255550335 -0.03354824969466064 0.02899336979648532 0.057879085622154734 0.09877742073499628 0.0974938371994651 -0.12586321693739402 -0.0969070050072122 -0.1996549475401184 -0.20142969630804694 0.16719225942527816 0.15533172796942532 -0.023308067947691795 -0.056010095903764684 0.17271884317240604 0.18932756265421902 
-0.00842530042726152 -0.020741595989168832 -0.014284777825666296 -0.025856905467139025 -0.11464014621909291 -0.11215911253101446 0.12675350331877513 0.09122981819087982 -0.12095053940673327 -0.1214458497631294 -0.09029303699475194 -0.09904646517139538 -0.006007756772284614 0.018225851986532742 0.0582191976972163 0.053090115238937974 -0.07382435228615077 -0.09648236193064519 -0.01856684293460744 -0.02164356711571691 0.15684850749632673 0.1398119584248798 -0.04273756035999592 -0.015557953838374331 
0.04085456330231952 0.06666197478984244 0.0007693255820937915 -0.010081947847532744 -0.07997741281031702 -0.07182277545007767 -0.0024390455435887456 0.008886084963752186 -0.061128615654635024 -0.05107771003739437 0.0770402148606298 0.06345295141724962 0.08649090544504415 0.08815406782723753 0.035861321521000536 0.03650658283492669 -0.148826112005099 -0.1520641002189946 -0.04609513967755668 -0.05509852540569599 0.003990083549438872 -0.005167564899557484 -0.09692358839003141 -0.13081275007450024 
-0.018370451598319085 0.017462002090892104 0.05842858559666506 0.06159037712293449 0.06896670465215743 0.06461263275846472 0.009216698069883653 -0.00583626618363816 0.1801298061310857 0.15996018879545174 0.11257377896559921 0.11827597441886925 -0.03967087064289442 -0.04938554079152162 0.047501797477848884 0.07014260987833854 -0.24066735762234803 -0.25998919822796956 -0.046032180594702085 -0.02427827763697416 -0.22565817309912076 -0.21503635433799168 -0.03336420509516154 -0.0650561245522212 
-0.0353283253064715 -0.017677565960217717 0.14511699409034 0.13765980228927424 0.025037695290619725 0.01551497669750532 -0.17029744021403284 -0.14637091348786013 -0.027356380073905215 -0.022764614133406972 0.027492563329207798 0.04317516156536362 0.05284650644564095 0.07413841630835194 0.0675015594562529 0.07730748671030012 0.0839994570919829 0.07632539119192625 -0.07667531703322472 -0.08309557145137275 -0.03547444312975945 -0.057733739282155215 0.0807741346155311 0.06758683460198464 
-0.15007715071365255 -0.12522758459138783 0.08393943222488016 0.06854046566842727 0.1224843064774742 0.10282895278350956 -0.18396391617994942 -0.168716518482207 -0.03244441546039768 -0.058781817817960505 0.22294908253408627 0.20487652280572685 -0.20334472963379774 -0.18873542805772126 0.2410951913811408 0.2614350714487075 0.19257181344362584 0.1956518815052543 0.043424451606063855 0.024316941529971905 0.0040744535004326584 0.0009127206942399696 -0.04503811897982016 -0.0467601817218488 
-0.00402966004859827 0.0006393235285508358 0.18626539212293167 0.21610510004462463 0.01780048863494901 0.010228599392237822 0.18467153555101049 0.19598217846701171 -0.011562108315226659 -0.009729950370702782 -0.18601472929051902 -0.1662631561036638 0.02860523946851164 0.03335827369698888 -0.13460531719601404 -0.14515728445383752 -0.09483345583957531 -0.10485875788439937 0.07394219273378275 0.08591013973024933 -0.0754577356236346 -0.04280005207683558 0.03954876875063289 -0.004475712301351937 
-0.014297826360183577 -0.04197370642741455 0.021407989446738645 0.0030760158713212704 -0.05456961903485534 -0.057432951213471015 0.005693182724015394 0.021532036571445444 -0.022257216644338083 -0.002329392057490526 -0.023293459078800566 -0.010271666005401744 0.10475626438685202 0.09909315684302604 -0.050123942828132935 -0.03354471167307667 -0.14294504254664486 -0.1471293722026088 0.07081749026959781 0.10134257703507116 -0.06880066382577525 -0.0738717952259386 0.12807890870745986 0.09992032685608242 
0.0613818640383794 0.06727008883075294 0.12391385236280666 0.1101827519318347 0.034675854699834106 0.024212440850963725 -0.007602317806426716 -0.016794175697736093 0.20816851590807345 0.2234838193606892 0.055614904365837284 0.04776761259369505 0.19324660280029984 0.1782259142677252 0.0210236408432836 0.036443491305520416 -0.038209096782731024 -0.04043072648666694 -0.054243694436775985 -0.06032215208242794 0.10799038629998316 0.08401776142986918 0.003859401908105204 -0.007398522167432881 
0.18059282879722963 0.1870202802922408 -0.1278217709901869 -0.146768024504976 -0.14160830640228994 -0.14109390458186272 -0.11336972877151734 -0.11599800952330837 0.11695378440351005 0.10514279586635264 -0.02397648670857036 0.017355320611118594 -0.021251899531395335 0.0035975265051845437 -0.09879791705135785 -0.08276108198505386 -0.008017190221200152 -0.003780172288204529 0.11174622306345015 0.1020744597779033 -0.010837430571426903 0.019934349428174607 0.12454817996529999 0.10044169196361334 
-0.06106000348413923 -0.052491276865549635 0.041474585787515186 0.04567147904110665 -0.13748559137530536 -0.137289534533098 0.04961850003688792 0.019116558750112766 -0.25392271484714596 -0.25145738850029026 -0.036823272038817044 -0.024857675717671432 0.06600336459288379 0.071657479370574 0.15710245857967708 0.17163462718485756 -0.17130838771042772 -0.17393827853575 -0.016990924400270703 -0.012989906072065696 0.05191451518766348 0.061965826065073955 -0.18595323344334508 -0.17136086784728638 
-0.00032502480451664507 -0.014494344284616533 0.004959015031865257 0.014268359586532043 0.16088128881614105 0.13303541750865905 0.1920435293219242 0.17841332938110188 -0.0842280993699684 -0.09150617441574606 -0.09172789471303769 -0.07591101616250642 0.12141951613771096 0.13310430183085165 -0.06613702696124231 -0.05623194408426379 -0.09413617548795798 -0.04718731470837324 0.04594234798681802 0.043229879996543846 -0.06286324698689619 -0.062601567323583 0.12420330664161494 0.11670550881957693 
0.02864976432345357 0.04889498637310862 0.10692060502428921 0.07600948187475216 0.22862967649433927 0.23548096778242503 -0.14786713165662796 -0.1539043684140102 -0.0034114804480861543 0.015971028810188383 -0.2191516323548065 -0.21840516984898636 -0.17543135996404682 -0.15393618708917672 -0.18469316448741815 -0.1986754294089941 0.11491758541273352 0.0960456315051084 -0.06684053888931722 -0.0523418804295248 -0.0009640941298754792 -0.007756054706203715 -0.059872044078834404 -0.06389116630685662 
-0.05030010792465604 -0.07199049558144875 0.03574647582284138 0.0306743382021592 -0.13928824405074766 -0.12668666825532368 0.09063795472623883 0.09418927008905208 -0.0462904978218058 -0.051476935629120146 0.18198585148607388 0.22299377430069886 -0.008101615699621338 -0.00278367846991645 0.12477679725089978 0.09733262888216487 -0.004807242752170386 -0.004932519457045279 -0.01313855916140592 -0.015496510412313428 0.16006577362322294 0.15563086399117043 -0.055481075041041716 -0.07010592693483467 
-0.024498292246466723 -0.022032694733132404 0.015270929281291317 -0.015404531983630926 0.030095189829699165 0.007150010115387576 0.1300570561801079 0.1147787423213743 -0.16453649036912726 -0.15177418081567087 0.12820765485975194 0.09828143552457103 -0.011753817698198846 -0.017943719619014177 0.0806999087594614 0.07442640162608344 0.01834989915155972 0.03623844044281178 -0.025935670681437754 -0.00471134152459677 -0.0699572792427593 -0.08363481646125105 -0.07373489621193896 -0.06258808641395397 
0.18613594151547222 0.18299168211372355 0.13456223265089023 0.11474209951194517 0.18114678510038795 0.1724146006546056 0.04988528816727294 0.0304348582502736 0.08487426934064854 0.09882617033545106 -0.20871913068692968 -0.1980453960850939 -0.1920981803527723 -0.2015928461353279 -0.07694134630294303 -0.07559557782510067 -0.08451800840899233 -0.07069833774265122 -0.12979588843796083 -0.08167584722386637 -0.1195845919945907 -0.1215258471492697 -0.1312434425471336 -0.14852681175344257 
-0.11384739545175518 -0.11092548253255564 -0.21838558845726472 -0.1953619261674487 -0.15097418515108976 -0.14831001233789037 0.07286789295775281 0.10535128074837956 -0.04716823918315928 -0.05514171396991097 -0.03509630643840809 -0.05020928363127593 0.13995241237121134 0.11776296410703618 0.007012967907990952 0.011714302079665482 -0.15688517006317695 -0.16415770280673464 0.10159444814095524 0.08478924346495315 0.06641316383893975 0.0660180379285954 -0.004654473216161459 0.012534668894557946 
0.13170031795857137 0.13024222399325266 0.157153915769283 0.1651357969685373 -0.028863718795463997 -0.032911220379134944 0.0776538942116942 0.0719491127150895 -0.0020370346246328746 0.005094273914873735 -0.07282436687320713 -0.07536801970038845 0.03440889112256603 0.036612670926768356 -0.14352125007272296 -0.1692900183497691 0.05723985265049514 0.08503037226346019 -0.010127021717288819 -0.00655983607547937 -0.07631905472119818 -0.06193263109450816 -0.25367294507797783 -0.2493220383483903 
-0.03406014617714438 -0.05307894867503867 0.05377895048022491 0.08838986578782362 0.004045443136992785 0.008806924718967258 0.007294800572750108 0.005760130098089632 -0.09594898520610048 -0.11183761662049703 -0.12913293682726826 -0.15243210759802195 -0.0167314607014279 -0.037123164186052895 0.1566543743074441 0.14852778227443478 -0.12734228697757558 -0.1325885736868224 -0.2196907012735876 -0.24463714136844805 -0.16492725008143252 -0.14925790624656177 -0.08560432951678344 -0.088986008952458 
0.002022805283596128 -0.020395644206949146 0.010690711253821424 0.04465916693694655 -0.15839852005438587 -0.21967486638225542 -0.04116661234236074 -0.05716295646841896 -0.09698513644386175 -0.11381613063103763 0.11593446028699703 0.12959354897285727 0.09762326228120954 0.10148828207594071 0.03178324834802344 0.01984984839227589 0.017871280013253162 0.016509980537045832 -0.10966506247282838 -0.10663308503348642 0.08035069024006343 0.08310064540002306 0.191009598786963 0.18664778818168418 
-0.019008486949668578 -0.03969615588987326 0.2733518663128414 0.2736301655809037 0.005424262693174397 0.003027874371396658 -0.12097786180175278 -0.11803261348306698 -0.0539849995175372 -0.05600967333343166 0.08542698430142148 0.0732188495768693 0.11731443849519958 0.11666342197377427 -0.01494097350526038 0.002427446324433343 -0.11464729365207506 -0.12583298262398557 0.04530097504514967 0.06221881260651667 0.03087181624068283 0.06920642999982161 0.1379357454749998 0.12462286976600635 
-0.14063728412725537 -0.17569102291986463 0.0436291053587101 0.05634844163673047 0.08051821805462238 0.07731946677048064 -0.09313330214681734 -0.09600717783946534 0.0018405823697333753 0.001817312710897567 -0.009751772829506948 -0.012642106787115866 0.024110923051569172 0.02652139093093963 -0.028968032840774594 -0.053859495463398015 0.0167501813323443 0.003428804563144347 0.1832133753241513 0.21953720366961327 0.0473386426111027 0.043429931389409766 -0.12811323732266008 -0.14310744257298763 
0.045361263981004506 0.05245139289920123 0.020071278466312317 0.01657275671878146 0.02711389669781002 0.0077778012743438575 -0.07076947484757952 -0.08559425402687768 -0.1395130442827695 -0.1357395451378908 -0.08237380239415906 -0.08689021368604453 0.01322212785892956 0.046797513632598105 -0.03977802269087927 -0.029656405723405655 -0.04614066918664942 -0.04309548938259519 -0.03107698622479392 -0.0397621993640152 0.00712750237137129 0.016357176495567668 -0.05429245978303202 -0.041461405049245226 
-0.12182543564974845 -0.08933338265472825 -0.17137827958038288 -0.12604613281251484 0.0004307846445495748 0.002815457965360007 0.019326657737229063 0.020304122939216965 0.02469500126360669 0.011401243768414034 0.07329664300437791 0.09853473250405492 0.19073356595219332 0.1670917256089932 -0.013032220104852119 0.007259455058940161 0.06877297843911442 0.06510596428697406 0.14519038585232216 0.15874509636482667 -0.1215635165949773 -0.11706078503723712 -0.010015148658870375 -0.009607725112481794 
-0.09368971902297023 -0.06566634002695816 -0.07849539537324693 -0.05749898656108769 0.05567764055999383 0.03274617765876606 0.003994360892548286 0.002747869004354218 0.016606930405329894 -0.010834244501060564 0.0011648679873202726 -0.02605959337102129 0.11946572883931593 0.13642267424668114 0.09465245747444223 0.07592951333045447 -0.04862936700931301 -0.024246087014167684 -0.024191416759836017 0.004604505353832906 0.06482756257714935 0.0678701762940412 -0.016860434472032653 -0.03625033434339627 
0.04316621757071731 0.05832970160207251 0.041235051811192525 0.043596087866157644 0.04268863633551905 0.02367306279729813 0.16061999285100792 0.13643204556983782 -0.15550878494131629 -0.16806576864646033 -0.1336976442612735 -0.13430268379646115 0.012951461110662862 -0.012810909856324808 -0.1387689095063945 -0.12360488645481563 0.07435432369383942 0.0938655201758669 0.12526734534167833 0.08138687615177163 -0.10239335225388282 -0.09351143607355435 0.14587103428718365 0.16281302558121052 
-0.06541319774034778 -0.07724807871673701 0.09667101259450504 0.10979156717357873 0.050769291719509384 0.030988322512035385 0.08249297163760069 0.10913008712869357 -0.03753521273282458 -0.020333830367321244 -0.0684654647806218 -0.0965341852151368 0.2112627062595036 0.18665720671403982 0.057648329967616874 0.0694091381176393 -0.22430621981419227 -0.2230389193803952 0.14028946424710084 0.14484102872154458 0.06350198329840444 0.06910996069348695 -0.016286526449424535 -0.018654692838300607 
0.014642775534608243 0.02715911481676397 0.1433373875473542 0.1482551798686059 -0.006411039363525255 -0.024456973569360725 0.04273080406226862 0.044330192775457265 -0.02773918596777826 -0.008522806355253425 0.16494236135593482 0.1534125389736219 -0.03373059408651214 -0.02393559989439367 0.14758005903300556 0.12871571209142602 -0.0855909475793987 -0.062066355383663924 -0.016121281968188666 -0.03048761539009138 -0.15781122532714614 -0.13316885151779784 0.1579254336921157 0.11989031066115839 
0.07500001944340363 0.0643295432518678 -5.199027861047944e-05 0.012990054969436695 -0.042193945599132636 -0.008398023809707424 -0.11502897493506607 -0.08614495646605831 -0.03874248355362674 -0.046229797069010814 0.16835743240274958 0.16994749397102252 -0.08705924705332481 -0.06769641504327456 -0.12863656818790242 -0.10554271762899066 0.017521134506496356 0.026769416582090123 0.14516761294812885 0.1551294783880747 -0.00865562300597613 -0.04549338207346465 -0.1293232956066179 -0.12857169239889943 
0.16658334966482194 0.16185791575547637 0.024064296759800017 0.013656423906441778 -0.05459566766068136 -0.02351179692032173 0.033189457035072215 0.051060626657704354 0.06545786423107668 0.03246542521260258 -0.027336613474691733 -0.020220077346220097 -0.04106193870210141 -0.020517012328359056 0.023659293537051852 0.007682174511844089 0.012815473200904247 -0.003501960840699015 0.022643591023790023 0.004020887857234184 -0.06414444235117343 -0.050440786800239244 0.046634002669689485 0.05358910482440624 
-0.020316873906887477 -0.02029485595753047 0.06460330591124215 0.0694942914946905 -0.0065474739115008625 -0.0040491581773123035 0.20576139330104326 0.19162539990438116 0.16227340983785357 0.12232564531720165 -0.061714787234169524 -0.07361395957682101 0.013537655813412524 0.013764543027013344 -0.0978852285466231 -0.14057431459799807 -0.11460035141517762 -0.11880820749127499 0.05684101360174665 0.023257570266446162 -0.0482122009171643 -0.02308708026856728 -0.034309686166308036 -0.03916870636528522 
-0.17642012266565357 -0.168289496210257 -0.16906298740051226 -0.1500584012395189 0.057606108834213625 0.06832936575201032 -0.13561578241048217 -0.11356391855826883 -0.1025038688176525 -0.13362269910856928 -0.07758530709326245 -0.0737930055748354 -0.07634510084905459 -0.09848983849986512 0.0058314312074741565 0.011321530508716537 -0.1585752858476252 -0.1468789141603218 0.06880090821943224 0.07109086874091235 0.01891520368784276 0.037992318002298554 0.02499360364895195 0.02325400013939432 
0.0033638301997906766 -0.00811813954397699 -0.15660746841291387 -0.1658604723007739 -0.234578245286898 -0.23395048369057742 0.045475144624284446 0.03825087423267429 -0.08178194350719238 -0.09029108994215056 -0.012345714555215962 -0.004048911742314111 -0.0016286608336437002 0.03311115529714037 0.06428612750376822 0.09143579857381445 -0.019574273568443077 -0.020477268823127028 0.17777445461727362 0.17663605778505 0.07174562314062248 0.07198614044225386 -0.05090286240568192 -0.058312743126570414 
-0.016770912198980616 0.0006058203217571696 0.07129229657870456 0.06171195760364697 0.050202486790327204 0.06972170573545668 0.16054171795352165 0.1516862480450807 0.0904430447800381 0.10487119845129042 -0.0720268125159327 -0.05764583362143419 0.038996012788597934 0.014039843422833133 0.018151732821343934 0.0632887613900519 0.06923980019750821 0.06655117982977475 -0.057605998388044616 -0.07229906534767794 0.014991905361661362 -0.019431207630838308 -0.09122199004273364 -0.08419012642356749 
-0.11740378426850955 -0.11511662503240247 -0.024164499755004492 -0.04824895281898318 -0.12290789525389019 -0.10896358798922305 0.027029144358200294 0.009825508215715578 0.01971772353438847 0.03816082507894197 -0.014599376436114715 -0.005098823670073574 0.11891290647071152 0.12368324026944247 -0.19605685518889704 -0.18781045178350822 -0.021314034275699015 -0.05821439366779535 0.07856369300372569 0.07739435253280572 0.16321478314010993 0.15904814697010697 0.07976335115171233 0.0842843363139705 
-0.03220706869489198 -0.016557796145051578 0.13518688348196875 0.1266829746088955 -0.028136790231440213 -0.025567271908302946 -0.11179281447108147 -0.12240517604536735 -0.13938334746310194 -0.14681222793086304 -0.04241950889886136 -0.04536267280141206 -0.06324652816952385 -0.05711675497333611 -0.010707549923650639 -0.023482854491928155 0.047406381468447285 0.007981561830931643 0.014761364523506987 0.014069566230173717 -0.032203537340494144 -0.047048922244808215 -0.09757690149410289 -0.10312936517950058 
0.07539472307527385 0.06519406004266658 -0.054673105904649626 -0.04873094850149523 -0.09904981339478867 -0.07031710067176739 0.012012049888407768 0.0006027502434824191 0.09026020027456641 0.10019378132846975 0.13462517891906686 0.1065533890084819 -0.0156011560419491 -0.02080930570726105 -0.04968743838700062 -0.02417288639447298 0.1657016541957831 0.18365172158615675 -0.017963580114003785 -0.0162278976131126 -0.0021287196958103367 -0.014972210471173985 0.06870634360942866 0.04232414701037513 
-0.02716703371173008 -0.039030370016044945 -0.09992116241936232 -0.1020344844468067 -0.13273739573034204 -0.1487276525384073 -0.07597933773642829 -0.09858674499676356 0.06139017084593652 0.10108500267557573 -0.08587419409683031 -0.08101074778870007 0.05932474725965542 0.0538191270337202 -0.1134288635451592 -0.09157986363451959 -0.06979763304869974 -0.05698587972711806 0.07410419402358201 0.1025035870721456 -0.023427871612495245 -0.01222647863338452 -0.0553703685202383 -0.03747761686962057 
-9.924824854488096e-05 -0.015556867010201508 0.1582458951709816 0.17216214946778916 0.1746186797540366 0.15597666688670986 0.08136025050052405 0.07802755907764833 0.04467772801995597 0.01771050907671582 -0.08129049113368095 -0.07311405983073599 -0.003368994812025842 -0.002544010759357178 0.10366325245916197 0.09304860548577129 0.07476670000836394 0.04566552458569481 0.08958065755778408 0.073627779825951 0.05089561894980251 0.028432322081207696 -0.045900505142768284 -0.04810294733832375 
-0.1355271394186064 -0.12599906375320366 -0.004843845842055871 -0.01561869641522599 -0.044951018056388 -0.01013841479098769 0.008776396448889046 0.004662219940130196 -0.03749299085321291 -0.03079296953283989 -0.08928146035330467 -0.09326993936506638 -0.23223219129020845 -0.23431057087997553 -0.015218390206090426 0.01932610645136412 -0.09163921102125891 -0.08382537665204037 0.1218281704481109 0.1363154807524267 -0.1533295350222452 -0.1452034683908707 -0.058044902912551224 -0.07323244840461589 
0.0543633473233749 0.04410650611622512 0.02399176378368971 0.04039545453015638 0.021649795774629377 0.01111211877321916 -0.15159417161850833 -0.1461113379138855 -0.07755403483239726 -0.06488093729775016 -0.05267974079184617 -0.034686576874338945 0.231245489900045 0.20979939353307714 0.21599595530733984 0.20072797940887294 0.024436424061190225 0.021212502007291512 -0.06521261599425954 -0.05433269468514672 0.057917567402628656 0.05215672595244594 -0.023683853363502167 -0.03531506267051703 
-0.01809200042992478 -0.008572820439095708 0.04621641975768777 0.05389041590758322 0.046896829161969016 0.04887526409927071 0.1450207738527376 0.15280942754029792 0.06414677518821711 0.06547883660181207 -0.026453429379424877 -0.05156628429726267 0.13977174568560818 0.14403872429187714 0.06883170672736202 0.07748204807282574 0.14437185749005585 0.1566948831499804 -0.19583555073801961 -0.23859041074595982 0.03460372769969911 0.02319644331403801 -0.13735328696200266 -0.15361165441967842 
0.05543184609729834 0.07803363834656514 0.14739883959253489 0.17208901742454705 0.010570249601640318 0.019607023536255295 0.08705904463571698 0.09843531962644428 0.0021094016636559972 0.010127362351774775 0.09347552828921299 0.09950325314981003 -0.0534599334744483 -0.033872571481872046 0.010796361490592038 0.019571210688646014 0.14977451235901615 0.1528723569115825 0.013029609012661238 0.012664458493842045 0.06551851662081147 0.07443341344384431 0.028745437720555655 0.002957916874081552 
0.06003918059802996 0.060103394238983296 -0.1591247299110743 -0.16950440681620668 0.1741086460218859 0.1705821287457785 0.0025891467318449927 0.0017518616872730436 0.15243072316966014 0.1459553709928516 0.02203525679809786 0.002509332815190433 -0.17495446853208968 -0.16651094516623083 0.08187649445401136 0.06698397365863068 -0.031428668263385605 -0.08172178468711486 0.007622524162400171 -0.00252351021318104 -0.16024317217539805 -0.16130681353238988 0.04316571973180553 0.026445488263434035 
-0.16296109794533137 -0.15728892956539325 0.02342843998772269 0.02408016397610548 -0.16436674973576354 -0.1728806420309915 0.10809007115429276 0.11354189840453875 -0.07511866532484997 -0.12048267302100338 0.009283072277018618 -0.012744601430243623 0.08482554426858384 0.1216676630710248 -0.17203092450444013 -0.20261590002309154 -0.016275882445104677 -0.021437856173764452 0.09443693323702589 0.08180214794586373 0.03635461411830039 0.015089871624310242 -0.0783531044699684 -0.059106088429678065 
-0.038957190485485294 -0.026017406585274 -0.03201569468444775 -0.06036619193065308 0.01785442151449501 0.009953169325187368 -0.1942250467593602 -0.1977872916006074 0.08611525305494376 0.0662481269698136 0.018781126995746893 0.011923310990482057 -0.22769960523306718 -0.250092740506311 0.030343323078277588 0.028136049436435075 -0.14597705361880028 -0.15169338172924532 0.010139972586639916 0.010121577439605874 0.03242837492290121 -0.010576520437235762 -0.08731210086946116 -0.10700105702793915 
0.09611519765552967 0.09881558387935796 0.01482770792681201 -0.005359147680083799 -0.17583743362362086 -0.21539270283367035 -0.15961582629687898 -0.1791951049360811 0.03925679455659471 0.04699454117585642 0.04801137078757874 0.04700749233196688 0.0025601382406614383 -0.02352123904044469 0.05093174703163913 0.058179557354646444 -0.0009993238609551475 0.002662308117829688 0.08011702639637791 0.08658701179833679 -0.018645775884966666 -0.03433935981007135 -0.14096922187201102 -0.15670246486278466 
0.08655626732126209 0.07362087884155491 -0.05992647275174029 -0.04240679039894538 0.015103855858460115 0.012649897116398277 -0.005221508877144106 -0.012333376159093749 -0.026723777072274787 0.01584565996849642 -0.06758154881556154 -0.050509899916722875 0.14045832203405575 0.1202361512640775 0.02060840478683937 0.010360850183189446 0.14840007281830866 0.12472220815760708 0.010355710427097181 0.001764497232304799 0.013195402356202337 0.0006117183613234355 -0.04047124167076034 -0.0696406262121611 
-0.10705998581748236 -0.09479893124951567 0.09841099793772759 0.10561378636528213 0.14028407289935999 0.1556897602805265 0.09333664978179648 0.09164422567150494 -0.0003376369376684784 -0.005219860558513141 0.15159358179139107 0.13510557915367113 -0.10185733408112094 -0.09284154177638997 0.055833944471659194 0.0476902515244124 -0.058268344659380994 -0.08001571639510713 0.028485761839514644 0.03382708153351094 0.1871150495567777 0.18397912783736065 -0.0724295317589123 -0.09759855340516414 
0.11856296081887074 0.10916104531229284 -0.08050729630004887 -0.07578336621498839 0.010000579887226982 0.03226040798760708 0.015345508146328358 0.04130357680661358 -0.05577926373918812 -0.06436519159877233 -0.0442325175892365 -0.044059679874225294 -0.0005852335281424126 -0.01683677510054377 0.06720526261858781 0.06960645886847858 0.0361764089895643 0.027959931371240185 0.0875530583976137 0.06983352292468675 -0.0012453363149071447 0.025667340752547025 0.10665033044315186 0.117231098816179 
0.06581661721048901 0.0651041037926894 0.034404488233050964 0.009070536286844707 0.03234888006029696 0.023483165855373092 -0.07918538786554331 -0.06997764090210637 0.014264850179038785 -0.004697350786616086 -0.06083675805230328 -0.03994868621404597 0.1307025271907419 0.11909226428209646 0.0002290779349240408 0.008175250332376136 0.11279001904154097 0.0950481432250558 -0.11272358146748912 -0.12166216889382817 0.015668372616021276 0.013457655766395923 -0.047018840557880665 -0.030641996563286315 
-0.0409722835203867 -0.039957686548291814 -0.09546800471378564 -0.10932812624489235 -0.023142903889121758 -0.0066994512670063636 -0.050631169429437385 -0.042816702930821966 -0.26452638233986836 -0.24063304682008352 0.009739366405839727 0.022814097585608217 -0.08037319385111764 -0.08571037613820098 0.11841714137764281 0.13463142740420203 0.14095630319768201 0.1241705392849795 0.00015688926109690534 -0.010696047024529665 0.2109040606494467 0.24523936269101698 0.020983386317298156 0.021269432544516173 
-0.04973218624552601 -0.04687398762359175 0.14313564957993732 0.15189841289555508 -0.14165232604515102 -0.1392652815315881 -0.06469319887504976 -0.05182301054988778 0.041861258167694045 0.030661988709159677 -0.020722337528635965 -0.028844470936119283 0.04872393728402976 0.058995487241112025 -0.036457901289042194 -0.03125277116197632 0.09758200186602085 0.06869747033240058 0.05768009369253557 0.06008757352309098 -0.11801386989345197 -0.11954379248778431 -0.0055376028219531965 -0.025486904580400743 
-0.039598833905524954 -0.020939135237317053 0.08361584052007388 0.0745322472077546 0.006214027262371398 0.014429993061204884 -0.09263564149054142 -0.09115646374438484 -0.116414179213722 -0.11596546031865829 -0.0146616948254291 -0.014960527001805234 -0.09742891754743871 -0.09613871299650861 0.17982977556573815 0.18473277820784417 -0.15266534645949517 -0.1587820304659589 -0.0055713569416891515 0.015492734481599473 0.20032206366941843 0.2148623254251439 -0.09389579994193124 -0.09400251075718694 
0.08265250487736883 0.09604702612445115 0.08849909315393178 0.09495633948173901 -0.1497061445468843 -0.14901245330885002 -0.09703336696958387 -0.09609844512497678 -0.047019972256244096 -0.03463786015433268 -0.08778099685345211 -0.11699683633146543 -0.07985658226008151 -0.04809234275520799 -0.09837640171404245 -0.10987588262507829 0.06276381998058043 0.06832536562017374 0.06605575924843675 0.08008228524792912 0.10233364010680333 0.11354864456384582 -0.040885353660839 -0.03457658934488663 
-0.031963680712565834 -0.02618157725130253 -0.05006631437662828 -0.041544227273965034 0.02010819110663391 0.03150855958816325 0.08985225933568214 0.11310254276363343 0.033257445691390074 0.03350372464732142 -0.052100287890772874 -0.05462850844946426 -0.005955010317937553 -0.0060312228260422235 0.09311269325301619 0.08739268291522599 0.02875171069275093 0.048670833739155754 0.07732511151177372 0.09762783148820009 -0.07669156560735402 -0.08026420227908135 0.045079621027310696 0.054568331599666384 
-0.09889251426794192 -0.06755927503884777 -0.05455242161394843 -0.0811304313722303 -0.024273858549889657 -0.025961158699378973 0.12973409875395464 0.1564435537778613 0.2240978820254162 0.21160399084219933 -0.05180771148146644 -0.039287052434228094 -0.10890163252506818 -0.12929356692068306 0.06644659935634643 0.07527716347529037 -0.11467737206385686 -0.12072658453506964 0.0038651830886960023 0.015448659027357411 -0.10821100525061388 -0.09071464459442181 0.013618837111538261 0.026348392505902398 
-0.08184983520637512 -0.08845479113667465 0.07911911312927529 0.07387160836681964 0.02224600066478103 0.04038338477050217 -0.11196826877814127 -0.11743265010644376 -0.001672390994165052 0.02080935150525916 -0.001059432775595656 -0.023210146582474767 -0.11036221585074582 -0.12817555498750713 0.15305000191515883 0.11292205132221507 -0.008990114497300635 0.016124450264795163 -0.1674655921640256 -0.17733742570960215 -0.04149215706835145 -0.036276340937298375 -0.06881342051517073 -0.06471203650685886 
0.007155376357624111 0.012558591686911603 0.04189043444700625 0.04929529143513936 -0.046468678764504626 -0.061004215057889055 0.04573829119254161 0.04972829197422917 -0.19259706314282946 -0.17568519516157502 0.09657844844819573 0.10566303946790982 -0.1224034491167122 -0.12507897923962027 -0.012936393269286587 -0.0014105551785071752 0.024636742573674958 0.03499897709441641 0.0960301554185257 0.10092344193069469 0.06056263969149354 0.06722375369109906 -0.024439509920225446 -0.0020299143882446424 
-0.12515422738541487 -0.14390248943909306 -0.13649189001954615 -0.142630276065107 0.0276862891373742 0.04539059190034567 -0.20429368226569522 -0.2107991370718154 0.07055213665726892 0.05132789251840338 -0.0066108698369291 -0.026001445896672103 0.10184734743360264 0.09549585961799933 0.013850915705373166 0.031884177242037806 0.11404609396972394 0.09977351910123629 0.06281515788094788 0.03374871368052317 -0.03250767086763871 -0.04883082122010882 0.0023555093585939583 0.01864718449917491 
0.08050832256942965 0.09955093258624938 0.009699347861074707 0.021519056236367653 0.09348999142216231 0.08613928612868799 -0.0593349603938738 -0.06119908615772767 0.09036121050308146 0.10169513200215637 -0.08183759069412236 -0.06966712904910212 0.11367614009062293 0.12927434704836355 0.22586017304723674 0.23741987944386303 0.04066203492734076 0.01894755931669779 -0.019235065280995063 -0.028485051447169354 -0.15422492290987597 -0.17091243367213638 -0.058577286281603705 -0.04865588014964798 
0.05094533552882382 0.0833880880901854 0.050051568235846486 0.05543420779065983 0.21590347989381103 0.2052952259725478 0.01657877056596135 -0.03328150459353289 0.09736251869525414 0.06929740996482178 -0.0897906313667969 -0.06420795883087421 -0.00047580925324041355 -0.0015281485787573571 -0.005557622856078564 -0.022808590470055536 -0.08380968533243434 -0.0652023891015212 -0.1450707983609665 -0.12990418451754984 -0.12470896782189823 -0.12955255093235526 0.0895368755511119 0.09191266131905228 
-0.15077071421494007 -0.15581492960742027 0.008823142621079546 0.029147530088296535 0.0806240967018508 0.0923785502730463 0.13697861919371726 0.16054363724443066 0.030351562570500385 0.04447830090044017 -0.13392107802454598 -0.11854825997831393 0.07013139244733685 0.09644082236200457 0.04823967643934761 0.04515230182791365 -0.07974372818940495 -0.09760714331343812 0.09202501980361855 0.07339413510747789 0.16555427545953366 0.17740772602570754 -0.0012578042609256443 0.008087409855959822 
-0.06722289656480204 -0.0932380826422143 0.06255611973687751 0.0783446530191541 0.11653049514524157 0.1081531907157147 -0.03844665131762778 -0.059085479739477975 0.10955505751282751 0.11184004922277256 -0.032721914437791495 -0.06951002614363246 0.08679479954602141 0.07034566542772738 0.13476465773335225 0.14623232109677775 -0.11523083533533417 -0.119299138106379 -0.06219406956020848 -0.05899562450651625 -0.12214514699826105 -0.06858481863934189 -0.04512690651490821 -0.06919487756195612 
0.024587232085860684 0.041845041603658074 0.06723929762771184 0.08982612797738315 -0.02012094930330901 -0.022941226864701663 -0.06863673186566775 -0.05021137393008991 -0.04995135049259737 -0.04953709901784101 -0.1152523716259448 -0.12055816696589221 0.1014400593635846 0.10129787550527905 0.021330679802589538 0.06285125190384525 0.029422568111168744 0.024664333576102905 0.10414529390320952 0.09031195059947973 0.0007315616707163516 -0.021022136781180437 0.14409162274744455 0.14406815931781897 
-0.029296145322516755 -0.054512370820078544 0.08001871005908874 0.12194377460896262 0.09087478768829198 0.08548552831182354 0.14810449074334373 0.16476951819123403 0.056296138083389895 0.07478514713692942 0.039494077719279486 0.03648073558819464 0.06902047527066674 0.05961620315807127 0.09036269809048064 0.06279000824769235 0.04995723275505968 0.04399440345149737 0.020907200404434712 0.04554110987261381 -0.10494223922765088 -0.1323022030354256 -0.08521544840816078 -0.04472107630059892 
-0.08728538216868562 -0.0997847289992135 -0.03339173290038333 -0.06323824043461214 0.042421110226409986 0.0460238312362655 0.030263251158437747 0.00628388171559871 0.028911329530594176 0.019992570984779526 -0.07848278466606438 -0.08267656658436144 -0.0493114694067608 -0.02690214962630948 -0.015366669176329556 -0.01773035890449499 -0.22122357039982307 -0.22248928680002908 -0.18180472306420187 -0.17586201298121873 0.05241874787324142 0.044525403955309094 0.023227065465775066 0.021532547006057844 
0.19901719390007513 0.18034365401953775 0.0047873291563025845 -0.0039919711961918965 0.01946049527086648 0.043808181512823036 0.126389687281441 0.1259229593745549 0.03501278714246376 0.0662332495118435 0.05003825618524737 0.0479026012499179 -0.062227900458262195 -0.03514068582826419 -0.023339013187914502 -0.007067336876101304 0.0770244505826201 0.0702765860437327 0.15465441545128633 0.129886287970441 0.07343624426107277 0.06488816933942117 -0.12867619477498762 -0.11855730070035389 
-0.1033423423862065 -0.10734961297845584 -0.07826204221835019 -0.062196509624409826 0.00887081778388378 0.014833521218577946 0.08664803826050588 0.07045357302850577 0.1100196983880763 0.11367463188669695 -0.07651923937303719 -0.07761654383126666 -0.023886304718897952 -0.020669624817210047 0.019438926838524 -0.0022641236354038474 -0.1706345473623049 -0.18115817125477415 0.15699101987332573 0.15114628119793358 -0.2641849950369475 -0.28681665948000656 -0.11768275818562578 -0.09320486521717744 
0.10924570566674494 0.09729195046336181 -0.0784939042721243 -0.07786335051809919 0.07921048046583593 0.09745393644831517 -0.06076187360706879 -0.050813068249352604 -0.10410325518805542 -0.09808752721175563 0.15704968537075012 0.18017603418438422 -0.07425831229995011 -0.08641207912516963 0.0002514774096156521 -0.020516045170874044 0.02169727407288429 0.0316872472989587 -0.04323045248987302 -0.05172977087466242 0.04562296023460529 0.045941085604638304 0.11749648070325527 0.14359562766714198 
0.04464455753501511 0.053527707519959576 -0.0689503458105219 -0.07758040642493519 -0.035897662278906936 0.004781380065226354 -0.05236032323481647 -0.038999885152846206 -0.01938475092791108 -0.03265604216552258 0.04180524444463171 0.014623319084752862 -0.10837054315485238 -0.15200055628466108 0.03745753161975417 0.024553340687118837 0.10989977418410138 0.12219169398599289 -0.11388858408149061 -0.09771327853496996 0.0904379328075736 0.08528863608404656 0.006462775045175213 0.01607640929861473 
0.03394449576223856 0.011833467901122966 0.009244205995579385 0.030903583454375372 0.03646779752189884 0.03528585082566015 -0.137340101218198 -0.12905450848075115 0.022221100141161312 -0.01929354239654812 0.12738003150272095 0.11326836022642879 -0.01734069771264037 -0.009300850468174469 0.21906656814650277 0.21547444179000158 0.052027758382254076 0.04352575016725954 0.058101953920194946 0.04088105334274181 0.06253244555957711 0.04362485006239752 -0.022914041345333168 -0.0030752912313874834 
-0.012476604360983112 0.001059948913081404 0.13885315561175593 0.13228563736241153 0.17251016274269035 0.16090748460630488 0.04062522308805253 0.04639996450442767 0.0196623981226858 0.03355230577153087 0.01603542230492491 0.03535511691729773 -0.10808110753269341 -0.12019511594364142 -0.136049954324383 -0.13349717878985307 0.14715945733594207 0.16575188812847846 -0.11737366026088113 -0.0976991982921811 0.14951744172988451 0.15909881973230816 -0.04364977438875533 -0.0436145875373256 
-0.02610774621801126 -0.032098778715167565 0.10641770183925331 0.07978194119995416 -0.16165543165059995 -0.13138037276591558 -0.10204238947342391 -0.08212564170525974 0.12551690009922198 0.12781778831820823 -0.014512173729749268 0.008094568061775375 -0.040645466921339975 -0.0400511116910522 -0.09085499148643295 -0.09370369943538663 -0.09598363345975479 -0.08401371980961497 0.22286261480344033 0.1894623817030046 0.11743482424088536 0.11322860005127798 0.1096549606238443 0.1398140819338118 
-0.12552132441380984 -0.1282998415346936 -0.0565784123681196 -0.05155929040331725 0.01667248832672923 0.05081190321072494 0.0038967603195978052 0.01728649773208589 -0.19242884951460515 -0.18301646094405016 -0.10699713802915706 -0.15071540209167736 0.0885907297698109 0.08036878420485111 0.08376477874446517 0.08530678961712293 -0.06347306903654369 -0.07896439444191283 0.03603035661220535 0.03940808753817489 0.02512180528545844 -0.0032598405829659433 -0.09572087410856782 -0.0887272339094693 
-0.048322879590026444 -0.05471370895710454 -0.10766877797713374 -0.10724706710306628 -0.1078100940239673 -0.059724376396104 -0.04889504225584913 -0.05861250461973354 -0.04334114617909595 -0.025887517991691426 -0.11493428208207913 -0.12312860009440932 0.08427238944864494 0.10473190580281097 -0.19452141216419866 -0.18539311258370197 -0.007981123083183805 -0.02104473004333585 -0.04266685176102519 -0.06057925291026848 -0.056682045305352924 -0.06311818589558209 0.08016908989366893 0.10119273163317678 
-0.043318418797962506 -0.014449019278857894 -0.0466176961131705 -0.03546064865285592 0.07264815523678143 0.08980135021458521 -0.14874676978135992 -0.1563764244665609 0.1367452149138168 0.1085796490310063 -0.018467301061196154 -0.03204257508653976 -0.11262432930182417 -0.11833929395417798 -0.03337968119704702 -0.012960341229166122 -0.038354315611513215 -0.06230817640725092 0.0033770760065808887 0.007892200912793822 0.03285593981908845 0.022225963877294926 0.10139384948118074 0.11169399675912671 
-0.04816802675011776 -0.001436256088459702 -0.2718099966290436 -0.24027725333507413 0.025201837479549086 0.022821281302894333 0.008389350455144924 0.01688567277032091 -0.05799027551880839 -0.049664694022996184 0.07381104326078299 0.058325377881777496 0.0691519845750724 0.07755234415876648 -0.05702619827407136 -0.060883697581110244 -0.02810516387070701 -0.012043423585215226 -0.0012093062820805612 -0.013094477082012227 -0.13211570197185668 -0.11449595017144487 0.015481590455576223 0.021533626636673273 
0.16722266020898913 0.15967934630536343 0.023291219370717285 0.03850041994292271 0.05877623623743554 0.04178932783615129 0.06991960955259469 0.06037244265002209 -0.10609458149295749 -0.13978450814350943 0.08407071737150332 0.08095704724005423 -0.0012759156216005441 0.01841194812563869 0.09430147955111769 0.0879884416765057 -0.02447219007454224 -0.013734878413241896 0.08316033010992932 0.08459303680994269 0.07363227278035533 0.07177393673177193 -0.155821282710189 -0.13925214320658183 
-0.19031355384767396 -0.17278894638655437 0.05870335758757566 0.046641083406283375 0.08104786028837284 0.0597375291552367 0.23299067233546988 0.1955069436229579 -0.11623696441391136 -0.13637302659067452 -0.015707254169703592 -0.01917271154309044 -0.06018290233467952 -0.04141794627098369 0.006492262381856948 -0.015368134797367242 -0.04151363361627744 -0.053150651702733684 0.052267725416810816 0.040812505767725424 -0.04111786768916648 -0.01622613131813637 -0.0276066940822159 -0.03462049628622257 
0.07861996654947911 0.11489594158625495 0.18129988851682394 0.15289768745005106 -0.09633725521809568 -0.10686800871955553 -0.05304527086960948 -0.08426283215302592 0.048856261458078774 0.069964424488137 -0.1519656471322319 -0.14742783206839769 0.08158345619880597 0.04118507101796003 -0.25188496603355365 -0.22385822175238504 0.05770061913618328 0.05111157923804543 -0.11512156070838846 -0.08751790533739817 -0.058777604604751996 -0.06546504965950224 0.003443533935350821 0.0010870531000907646 
0.10540982391686886 0.09437619412881475 -0.03929512380592793 -0.051542845323230516 -0.07591158786961144 -0.07994998346112474 0.09052682121405452 0.06878681735472078 -0.030797396012269444 -0.025726750689445677 0.13041529564719387 0.1264466274314275 -0.06595207177153771 -0.06648550244605073 -0.08357067814988706 -0.07264859013227437 -0.014958411510796578 0.011730708872923228 0.16628078234362223 0.16667635782870996 -0.016064434676736995 -0.03817053583108702 0.12773183495820048 0.1355945147040807 
0.13736900535248292 0.12837072400821659 0.21030774604481708 0.21398126338730522 -0.10658684370789066 -0.11892728734553226 -0.1541580800473674 -0.1672896098765328 0.2655997209131599 0.26972077723902155 0.01178598093530639 0.02296333581962789 -0.08460586423969374 -0.0739064217133712 0.06440003056613541 0.08115162442757326 0.09667635981244688 0.08871569865361041 0.15817240726608886 0.13115450286063082 -0.19078304757030048 -0.19741908399274355 -0.030040058241930876 -0.042618598309589466 
-0.28563675885703377 -0.2998726046007536 -0.14690525946242824 -0.11754485636550405 0.23272835424251237 0.24864388577950913 -0.05554000292368365 -0.06975350546755649 -0.032184971989443256 -0.026853469761878915 -0.006692227041436651 -0.005138165022329525 0.0014862068766835252 -0.005804182003709291 0.056619073259246776 0.06514216334179194 -0.08905348900993906 -0.052742199883111365 -0.3270849079921774 -0.3212098407613605 0.0638656892863256 0.04097549123742692 -0.19158156434636164 -0.1999676515177357 
-0.027390635958635435 -0.02117544073306994 -0.0492318929187382 -0.032754592927573246 -0.002229693196567799 1.2873207778760828e-05 0.105941739664272 0.1114724105254093 -0.031240773595488557 -0.06777387323432556 -0.04825866244003435 -0.04408648574879521 -0.02490735907182472 -0.026718917709106185 0.028802732165543878 0.030103071610563165 -0.03449651789640559 -0.05519088667833448 -0.11256508646524901 -0.12723625003051717 0.21215069536030565 0.20870685430535266 -0.2160718433028173 -0.2067445126635759 
0.0199319925950094 0.04281599163481329 0.12157819843778202 0.13311205353106037 0.1147828241243522 0.10020417707168418 0.028935289278654464 0.05843426714681152 -0.04904058118428145 -0.043442398922770534 0.1303674664453887 0.1388456775372528 -0.07993247861121286 -0.042910777779073685 -0.16723504828527652 -0.16929852034039672 -0.05125521078809578 -0.05877988695301056 0.06053317004644829 0.05635672736636768 -0.12678766888054552 -0.11198535096468727 -0.09148861232480561 -0.08803209884913567 
-0.16358420067671445 -0.17261347120659926 0.03182181213325598 -0.005358395383837069 0.010191337341750506 0.01977100510050849 0.09164130806806757 0.09103943736167854 0.02970301054128912 0.041277311883313385 -0.27649226098973556 -0.27034059745378397 0.05116674738915112 0.060302058790557056 0.11287636388982215 0.09448074818736171 -0.06288197786722739 -0.034268735396167684 -0.11334315430827004 -0.10639598735034915 0.0389332186432146 0.035280679723708235 -0.17164778430412903 -0.1668888022671295 
-0.041151545147889254 0.0008917400416868227 -0.14786731257596392 -0.13642565774009877 -0.034510187179007785 -0.045327614421572966 -0.11156140455043444 -0.11749882813495627 0.10950617853131363 0.11023471099865305 -0.07820862710091582 -0.06457967267985795 0.0021076033399617593 -0.015578537324446251 -0.08071893227351347 -0.06890490836865959 0.010003220381950161 0.025101526440279406 -0.010008807071413132 -0.010228974215680562 0.09727040683695332 0.07484847870743036 -0.2697747090313261 -0.25172352534952974 
0.06843373020511591 0.09902536828198139 -0.037723829503883755 -0.05664961886496547 0.08933043925886769 0.08986608281761099 -0.07592674897130086 -0.0752328759466175 0.0649810065684684 0.06401359915554528 0.19667865542099272 0.16803845942539947 0.12537362019870024 0.1307101484440539 -0.0853047308608791 -0.08186509733765993 0.03520478304626971 0.06293782974394257 -0.13614491950025967 -0.1578625714003959 0.08728586903791877 0.07916885292828053 -0.054809990339166864 -0.029563146187085745 
0.11735980391580848 0.11888101625404554 -0.13652790687692118 -0.15176887446777595 -0.03975481054488291 -0.030379996085102084 -0.00449627023712533 -0.008715700115415365 0.10365396752046108 0.10315722171566638 -0.07461932734758421 -0.07345509872638088 -0.15744592781501401 -0.18141475736269475 0.02207022673751904 0.02603981440600636 0.13223969428555388 0.11025191647234066 0.04251156997146695 0.03412624598113661 -0.16311570702907852 -0.16285736728788724 -0.09827181167647667 -0.11675974597105103 
