100 24
0.06742965796194 0.05725565298516037 -0.176166004237732 -0.16996489601566706 0.08629926749093829 0.08621428459101715 -0.12580064594325469 -0.13263319562619857 0.16753661332303352 0.16395156786987844 0.0700708172546254 0.06741220337527079 0.051075055504398885 0.05805847516598708 -0.04517760711633128 -0.05317476151434461 0.09652563379662565 0.08683686426825589 0.14465844931740793 0.1455324466763675 -0.025175056646188 -0.021488548210819414 0.17282692654286388 0.15637522548937766 
-0.014143321040637945 0.005455317703403032 -0.029016182372508324 -0.04666823916229529 0.12035165684134429 0.12782895428836855 -0.14573055720357203 -0.13866749791219352 -0.05686076986907448 -0.05746950256774154 0.029760704043066875 0.027007489921725747 0.10907659366507226 0.1095010660217404 0.1832674035755867 0.17402106082058494 -0.017330609150726928 -0.021439400100984808 -0.09289874720742837 -0.10214474354916409 0.033269814772843964 0.04703955296582132 0.0023426041438582286 0.0035059205575929155 
0.006850115286737237 0.014168256334699656 0.049391011890890325 0.04390036274123792 0.05240840991408737 0.062175077644013484 -0.006412420102615979 -0.016824669371100786 -0.10853999344174971 -0.1049918103069737 -0.13969620330928428 -0.12558771482319553 0.0022371499420596698 -0.0012549078941173773 -0.006135300597637985 -0.006586241343777679 0.00019785247768861532 0.005099023530668506 -0.16896607790393103 -0.16019928544209902 0.06565635720844346 0.054792598681373664 0.07277666611956327 0.06470198161602873 
0.06520227496907993 0.06558915839015286 -0.04184635714865719 -0.04399807151512886 -0.12564579597817405 -0.11666032493473177 0.12494012831291804 0.1329121732946138 -0.07939381860146232 -0.08764166747998547 0.0034009451562135784 -0.002809729234452547 -0.02759275920163037 -0.032714929633608905 0.03935050555784439 0.035164503947187425 -0.09695257579814928 -0.0918703134233702 -0.1133477578944111 -0.10426588779662506 0.01943825217027302 0.02074833594122334 0.11739831808845258 0.1176438334300748 
0.033377790012497445 0.03518631362663955 -0.13228461799080754 -0.12827841585636174 0.1328984651811462 0.12168652800203845 0.06812206082712241 0.05007621800779959 0.013995485201381917 0.024608775519675267 -0.17996167927782294 -0.1849057328864275 -0.027677423363546633 -0.02324053097097179 0.04788704376218649 0.05636025807810986 0.12269947962261203 0.1250226735008078 0.2079080074053693 0.199950427028226 0.037192310834733656 0.0388146806869657 -0.21625620478067584 -0.21684070587665383 
-0.06354658159123365 -0.07065490362574837 0.14483477139225254 0.14140875457751279 -0.13897747772966657 -0.13421355712006156 -0.16178236870191143 -0.155809553872685 0.006509870672607122 0.0017191684407157131 -0.04538602668457925 -0.056586109247277076 -0.0028716002889689544 0.0015435949792733422 0.009055695548821699 0.016324808234506095 0.03603494806415507 0.029507742751093035 0.14680608760484673 0.14949359528745249 -0.0321597991450563 -0.027287483277907323 0.054308501494910955 0.046949779433121626 
-0.024748559176196092 -0.0313061898901865 0.020597894944273904 0.019319959396535986 0.00956831295742903 0.011686322949373829 -0.15548868026108664 -0.16390165322477318 0.11624865177413286 0.12269410554311794 -0.09363202048462849 -0.07929293289136213 0.0927472206086323 0.10191195240515939 0.18218674459661843 0.17219519881505874 -0.12880703440035393 -0.12041505266320383 0.00766085098849349 0.00874602735230951 -0.0703972682213494 -0.0772686051315838 -0.01847597753285702 -0.020978947274864997 
0.12705391055752144 0.11242889737339021 -0.07696880588080726 -0.07521083243570728 -0.0009092870605941809 -0.0045086482817529696 -0.03744901099206767 -0.035437642176488426 0.15935077285932198 0.15074728332881263 -0.07182734024534805 -0.08304899956494205 0.06963307603002221 0.07816126588426868 0.09500769573657206 0.07977948876428113 -0.08589661899272286 -0.09327747599550305 0.02175502591481358 0.02216010409492818 0.0032557021461570904 -0.0038958659757526892 0.057310539457480596 0.055270790751827295 
0.058556706366489464 0.06295405683938284 -0.045817716061294554 -0.048595706564791744 0.006892594040230229 0.009531353866817367 -0.02278331914705421 -0.01600333542931772 0.1196814018662527 0.11641485706418205 -0.00013054496463726415 -0.00426736631731815 0.13389898362205213 0.1270122768680823 0.020820818662727024 0.022430305509218276 0.010998798812353255 0.005756125713014503 -0.014430583674583521 -0.016510600852302573 0.15184412621067528 0.14992068104027287 -0.10678510625227652 -0.09788438627488838 
0.021887229999160693 0.019295097414427496 0.04560793760202476 0.05263991129023751 -0.101124141121357 -0.10047047199674113 -0.005836344460650572 -0.014582694269604582 -0.029334890422205242 -0.03468581629821709 -0.06534321392981364 -0.05642035272207688 0.022173146804126093 0.02353380290623962 0.16321442121535715 0.16981119319634586 -0.008405631383931973 -0.0008570611459745425 -0.020196253305956237 -0.029281407871741987 -0.19490193878426568 -0.19854263659990778 0.042613460729473626 0.04113989301130276 
-0.05787453334968241 -0.06702127353082511 -0.04221457713349917 -0.05845892342132716 0.0373183751379893 0.030492195877673836 0.0531911778316372 0.056552374028382944 0.2773608885151492 0.28459703800361613 0.09657527792313314 0.10914055578135148 0.03979759727150025 0.03094065261665279 0.026302206263794415 0.027298350808270866 -0.10214042980321845 -0.10210033108662102 -0.06736755249644541 -0.05108236385696516 0.047932436058212124 0.05590065117036214 0.2187554633305018 0.2110266730957257 
0.026348808570330055 0.013686606035954643 0.06447678228774423 0.07396571879971481 0.20080419641507588 0.2075422895825087 0.13877242407638657 0.14173831511937976 -0.005730022314695136 0.01169833776620805 -0.03965267192553768 -0.04597366505986842 0.01040227627995066 0.011240191468849017 -0.09032774715243735 -0.09041947348969134 0.10295884349468498 0.09951403279012255 -0.047021916837649794 -0.03732345666562146 0.013422964390338767 0.016330440508016728 -0.020982472359770066 -0.03553962778121522 
0.14152874654480965 0.14810119305151945 0.02017335088273477 0.033272725983679065 0.044932904421919835 0.03955856958426345 0.007638714051894849 -0.005387239314921129 -0.16343619871414886 -0.15893790347862666 -0.09877182042587747 -0.09330301812387684 0.17983923826459597 0.1720047092362693 -0.04835179699089353 -0.05670925724174474 -0.015385441746354731 -0.023104928790327793 0.091046758166616 0.09969042190713581 0.09187855070592563 0.09957454553531805 -0.16419028003269767 -0.17264778572562461 
0.05842105645690229 0.06468441600587087 0.12971040553823432 0.1330709511278645 0.08081470902731946 0.0774211025948942 -0.07444083898110265 -0.07575921818055661 -0.08362372816210177 -0.08682297299525579 -0.02974560173098561 -0.030838563366417243 -0.24401284649909152 -0.23756875161863875 -0.16573678355385277 -0.15704018613846868 0.10921876536216156 0.1003731754030541 -0.12664592690389528 -0.11609748165518569 0.09380839390793601 0.10243447404566519 -0.10172409709394765 -0.11487594731275944 
0.20062851039701945 0.20253073027250135 -0.11890693795514894 -0.1145484968303731 0.026651322774701475 0.03668651974441571 -0.0250466818311944 -0.025895372596964547 0.14349599284462472 0.1309949841732141 0.1723564355995934 0.17724501358793662 -0.018311904477526415 -0.02940894073861095 0.08724412554479975 0.08858439424417618 -0.048227415686226266 -0.04035633087002087 -0.042032385458909284 -0.03688229740188848 0.040703015467264944 0.043280957525459345 0.14697438674815239 0.1539616652235004 
0.1581335727950357 0.17560587524846885 -0.015555828507403103 -0.021044648115789173 -0.007368631442369808 -0.00758593046399928 -0.1219636520268092 -0.13241111182866136 0.02680726869308649 0.03063065242676371 0.14528017482786437 0.14030500152588432 0.09140819226531788 0.07837535509244006 0.07778304161548047 0.0767278368384178 -0.05444672848693076 -0.05790625648162821 0.1252227307513556 0.1511865949300452 0.023153563331339312 0.014692065095469208 0.14437225243007493 0.142344610605758 
-0.16964599588000642 -0.18025247831840607 -0.02751488207583198 -0.04168487725501372 0.1566606610685743 0.15915173097771262 -0.011569314487805125 -0.001709826693730817 -0.09441781630627619 -0.0965527904854258 -0.09966456445482029 -0.10424862580668157 -0.07168684993937523 -0.07377618291452008 0.13308569971858403 0.12683073592539865 0.014132786616322864 0.008838836697793784 0.004256416535081418 0.0050305971422637905 -0.02190947579062578 -0.019625021964719613 0.07946029131997613 0.08987877772251131 
0.02158568314585024 0.015257773161458382 0.025313753437107192 0.01202487457285906 -0.04333584570260352 -0.047917308809004265 -0.14803609791794703 -0.16372603904143915 0.18567267825140715 0.20070880781969597 -0.11210102679042165 -0.1178795300618009 0.15119336640573258 0.14880494216010648 -0.008603029850257947 -0.00938166512548687 0.006911871614458669 0.015598476175864885 -0.10901455551635167 -0.10454800172729356 -0.1930043954940143 -0.20422367449212103 -0.09573873216650332 -0.09340436856496688 
0.05557313531609546 0.05291300444691469 -0.029100847476679417 -0.03583364924203862 0.17725005679123843 0.19640689315699736 -0.03833477725057719 -0.05398653638443135 -0.0365227198188717 -0.02462260666565263 -0.13447707544579768 -0.1342200693622059 -0.0002980303436363571 0.00407925527624129 -0.04195615151893716 -0.02786861500791719 -0.14577889614690526 -0.15568571265112194 -0.05596275903201055 -0.06588155078734413 -0.004736660005293933 -0.003738382937808989 0.06320291924291442 0.06295197858489164 
0.09525632510156341 0.0871061963848321 0.06875092579152861 0.07025471445919865 -0.016536208196986098 -0.016547577050527992 0.03426070565816522 0.03563556705894985 0.05305416104183842 0.05499452622322208 -0.011619617388729197 -0.01883269238764045 -0.06121193678357442 -0.05112184369803924 -0.11296517556809565 -0.11888709005445829 0.026425849810616586 0.030181103800843975 0.028197157047884423 0.025261071606695964 -0.12174131081971805 -0.14293880137873644 -0.021171649323100394 -0.0215944636877899 
-0.0602677892391594 -0.05209744365169343 0.05943670940653564 0.06741185843964496 -0.00651851796020085 -0.01793875880171112 -0.08198301637272551 -0.07956333661698271 -0.04763937069770728 -0.05112086818591741 0.006619751278605818 0.024816725755954012 0.018519143813841347 0.027753131122338726 -0.28054391565583386 -0.2873001161739655 -0.11969277963904477 -0.13071476922244638 0.1176483963900603 0.11839871477662967 -0.0014707826533788067 0.006997374904151529 -0.0935297978249475 -0.08227081818946065 
-0.05365708611791986 -0.06023556481170357 -0.10173615405045743 -0.1117411277649327 0.013677961253667065 0.008324707682447243 0.060859943795480896 0.06478463479984885 0.06940494182411558 0.06694715936780753 -0.07963109855154471 -0.09609501261449448 0.13592164937831905 0.12912420235933383 -0.15940961543374285 -0.15905979861754205 0.09825880301513047 0.11144291801631072 0.031620969382639676 0.03031670122199448 0.07576609044536248 0.07924521652731864 -0.0683109930292945 -0.05830026842556142 
-0.01663967938669149 -0.02030785554191839 -0.09231530547051324 -0.07240470117947151 0.06821736751177736 0.07324317186858267 -0.07676457003148539 -0.07249347301955486 -0.012247133144582376 -0.0244689994547154 -0.13977057177233335 -0.13872100958136038 -0.10259614362927699 -0.10712026176557096 -0.03701602429646688 -0.04844838150081977 -0.03440083582072057 -0.03937311238244256 -0.14338443162495193 -0.13662760661629442 -0.08733261410695943 -0.07954923777822034 -0.025711010311263046 -0.018900362504463968 
-0.2032814526596544 -0.2039129318425748 0.126697066075128 0.11422616420737362 0.2079435461718753 0.20704929403550568 -0.17897287431838585 -0.15650470167902836 0.14509513410136993 0.12788562069930337 0.055376687846264934 0.04588026728609679 0.0641678357249895 0.06884660109852436 0.00023660860801345227 0.005205110684621403 0.017909498204400215 0.02197746924972349 0.034165767428963975 0.040228457326051556 -0.07605205146193263 -0.07921644741186307 -0.04669882078845844 -0.054280827008447226 
0.06574662185548792 0.06885957537484433 -0.23117060974636336 -0.22969082434699434 -0.09153405670803788 -0.09891671792676192 -0.07103841674516477 -0.07213438060344073 -0.05110696457067838 -0.06153887194483758 -0.17207247980595375 -0.18303074226452584 -0.10826504204505447 -0.11324134789602448 0.12565718316661484 0.12525643375328255 -0.06824629382924066 -0.06278150295128337 0.02781488192799305 0.013421284009341294 -0.2345634018486392 -0.2270440689347153 0.009854377130991947 0.008783466273806294 
-0.05280469864123611 -0.055128099927780345 -0.06694941102813207 -0.06760128006613284 -0.029664035564521022 -0.03452172806829105 0.022734857635304192 0.030377671547987248 0.0903923097363746 0.09405935980820794 0.11100078925681252 0.09569813255867068 0.0767378195679397 0.0804361361625146 0.20141285173505272 0.21242690283851498 0.1359270884160294 0.1423184915804871 -0.08730115996468979 -0.09100187964486653 -0.12647049212365244 -0.12844545178029362 0.012483696632517192 0.002081192745290209 
0.1932904430128072 0.18755805536275882 0.1409272541775786 0.14432931953407507 0.047593361623742385 0.047222859630323084 0.10504247341981626 0.10323996152568252 -0.12860337101573782 -0.12689882789055612 0.0009300646127634694 0.01891708883518939 0.030213210950785878 0.038465765740865354 -0.08190427101382729 -0.08546210511757205 -0.22064726511420224 -0.24004884214786323 -0.03291856828286755 -0.038032899095324875 0.12588076998692313 0.11804450699996702 -0.01983201602686684 -0.016744724941908515 
0.0011320445292976368 0.011846902064193992 -0.09196190109314185 -0.08430467471831765 0.11373186965495091 0.1170436036782835 0.10246999153270428 0.09750392230168241 -0.04559677019578184 -0.032269418468475836 0.26898864529173916 0.26338549213870155 0.08821280003900245 0.09443283931861762 -0.20859502569381624 -0.1987362551316827 0.010476541555364597 0.007652387258319622 -0.12322088280566716 -0.13190391278522956 -0.06814868491076322 -0.07716484749667193 -0.004841482561813332 -0.0021144742518145808 
0.11636255284013203 0.11192793284802824 0.046922360167111606 0.05165064717182141 0.03333436235688069 0.023899776640209983 0.12586102436182756 0.10995964576882071 0.08409395232173004 0.08051158842211265 0.02758964245728856 0.035553275641121075 0.1497076358815562 0.14522866346152316 0.17967749163839228 0.184156409867313 0.032485464684584374 0.033068018468567356 0.10278185148806664 0.09842785225067348 0.0069825861625187335 0.010157427164321673 0.029686258886954 0.033573030688588225 
0.15413074983755876 0.15374434153446914 -0.05347806582069279 -0.05452240290746267 -0.11810247154220418 -0.12473932140760817 0.042955659438441415 0.041623388028075 -0.1837803987681395 -0.18463513760336198 0.06685113335590416 0.06578182109477196 0.059301524674132675 0.04288489157809126 -0.0728014595599798 -0.06180022255011732 0.014670834234347244 0.01755591051658465 0.11363035477730334 0.11972002858428185 -0.049365610019572397 -0.04923594176101379 0.006510321872978876 0.02250694991362239 
-0.14408663603904823 -0.15810017407234417 -0.13099940607171837 -0.13258221710019927 0.01713168419318341 -0.0010844527947945597 0.1300055025263615 0.13113630291484804 -0.009413243424259844 -0.0028601301650185438 -0.160156626836207 -0.1588139151836479 -0.0803562766722606 -0.07228063543996294 0.1253706342282367 0.11169969317879644 0.05271851105922559 0.06280286667016784 -0.008988627594071928 -0.02750655783100006 -0.3222676616876544 -0.3150476796279713 0.009908647411264538 0.017005785228648315 
0.10136247954470622 0.09574127136711953 -0.035012704663853395 -0.01998508305068325 0.08568353809276337 0.09789807402286285 -0.053835330408772177 -0.05855760248996167 0.006987657968924221 -0.000731794558431734 -0.051513026827934356 -0.03402809572840681 0.08117798587957817 0.07787606504251342 -0.017517925323310257 -0.009635811753747194 -0.024625886768217007 -0.0160964368093304 -0.10218589240736851 -0.09780237065585537 -0.1611658489368787 -0.16189722363061465 -0.0500640407563339 -0.061201581512245556 
0.02663409685478502 0.025529470248561375 -0.028888010751556868 -0.031193915015892987 -0.13665038469801938 -0.13541964285620883 0.01174974859237186 0.013392917201149558 0.17767800477911438 0.173133241510156 -0.17730089033389207 -0.1823969418853202 -0.11544182554740763 -0.12488840924289853 -0.11968109873504638 -0.12819034307482738 0.14992294333381434 0.1271568965329746 -0.04841481897126353 -0.04968945068378641 -0.10497167753439472 -0.10642977854957926 -0.01593093270552969 -0.001411465207358598 
-0.019194177475392146 -0.010158020180235015 0.03350090049156915 0.043473611288054645 -0.05466499733972188 -0.027742727210180253 0.010659879741533474 0.009797212894354652 -0.028538914759623897 -0.006118706459482974 -0.05119415404002951 -0.03354490734650479 -0.19626669381461653 -0.20907850892149257 0.027239971501609957 0.03473917265165687 -0.08713882496351222 -0.08772361350597216 0.019720223189184895 0.03138348725885426 0.026698514917329542 0.021400008278872368 0.02458260613738336 0.02718054984334274 
-0.05897189319011148 -0.04952469406739326 0.15839598556310341 0.18106858589354374 0.1355627262248458 0.1121972781602204 0.09628767574257378 0.10921317938901609 -0.09545924060898608 -0.0945955489859242 0.0062569544480961066 -0.0011871730254910335 -0.031605942076928975 -0.0380688880381642 0.0415572339647168 0.029979693346598814 -0.11335022906785153 -0.11901345879092702 0.07620240779518027 0.077843229468597 -0.05393962414126439 -0.05369029240930845 0.10332826507331873 0.09585611764794855 
-0.05816416483086782 -0.047045624374282016 -0.12061641992983638 -0.11095016215995714 0.02870818140506817 0.042038975679437846 0.01355952262652351 0.02611829140604846 0.050501821386574705 0.036862177176373814 -0.11385687100658962 -0.12336470884646517 0.1266846498658752 0.13400513031637765 -0.010564284384094694 -0.02121264378385531 -0.07479502418369628 -0.07814113484526486 0.15203891717266632 0.16055428777767863 0.026310060986900138 0.03401921322858749 -0.03294726601976266 -0.031303825216766244 
-0.20137386545753191 -0.20125442421690293 -0.0063091550001832366 -0.014092824387623569 0.1262392611670202 0.12206983529724066 -0.1049866816097949 -0.09768463213298312 -0.12123856525860423 -0.12219174235473208 0.1907047344164335 0.1859484132001765 -0.04005716404529721 -0.03864202491570483 -0.07972793731587974 -0.07174086614353666 0.13118377861813493 0.13081688204336595 0.20726161660628997 0.22246949432305022 0.013477243075645568 0.01832029410439299 -0.1856243214979744 -0.19920135239520437 
-0.06146436205394164 -0.06089867011349218 0.09795452301928985 0.10070278376880515 0.21397203336944232 0.21063664891739206 -0.16532158509518954 -0.169156435020077 -0.05055121710443346 -0.05557865878742104 -0.07880337771746043 -0.09330795235824678 0.08584435717401594 0.06677112821180942 0.10516387656300007 0.11090036089376408 -0.1325023004579286 -0.12119327900401808 0.05406238202974612 0.05783974760621509 0.04616241913601957 0.061888228816611504 -0.16111929631420138 -0.16368719650175736 
-0.06518199598501147 -0.0494480053830646 0.04947557640820383 0.043466834354077104 0.08157923845245767 0.08759940861379971 0.012208606454139537 0.009440383673938672 -0.000903700323431487 -0.0034888650297064975 0.007994974973597637 -0.010162726679464619 -0.0701324400062633 -0.0822936586355184 0.005163304555617082 -0.009771855053246965 0.25472318451239473 0.24071730021333715 0.10713031260120197 0.11016289412427185 -0.029941066886373862 -0.016046238792311936 -0.061179907908253055 -0.050709346977607206 
0.00878348516322452 0.012604148376769443 0.19781259561613332 0.18620363067055404 0.030160078873336018 0.012309642158179345 0.1882368604704233 0.17408678049614917 0.017855570348006517 0.014598498584947814 0.14986069379372202 0.15804239667767409 -0.09994310104791075 -0.09651930653327019 0.14979190264558717 0.16549790504261377 0.20167362281944284 0.2010439713545424 0.04596797185822296 0.06019076936984231 0.09608507217804053 0.10826615325815178 -0.10589829844940041 -0.10769052717513099 
-0.10115858767543234 -0.0986299049925658 -0.014343143692510463 -0.009608481925442062 0.04798219779039385 0.0329604878413008 -0.011131867567061336 -0.023715100674326278 -0.07997602565917984 -0.09393426347326066 0.1727655526355443 0.1817881789688716 -0.12860479548733075 -0.1122921640063284 -0.10854661587641423 -0.10557195043071275 -0.13226107489339198 -0.1338664902519097 -0.16541263413974455 -0.1780827249437874 0.03629588343425042 0.027707740761458342 0.024274235083352472 0.00885265888222789 
-0.24757600523268042 -0.24035276769701794 0.20859718815947015 0.193743002874325 0.1437491989828953 0.14459899131789825 0.25248924212520524 0.2509590347154796 0.028752742219042726 0.016251806967480867 0.04446167436272527 0.051130949650369524 0.01747633616832079 0.01576891442322704 0.0018402216414274825 0.0012226493951848038 -0.07344273183508399 -0.08599775328270337 0.05356301965906279 0.07642638025810021 0.03139994037647007 0.0453328174388657 -1.3429376736208693e-05 0.003797081199456739 
0.08012299832341961 0.07177210246565494 -0.041503460303153474 -0.037514549838206096 -0.0030265644848137536 -0.0064384112491822935 -0.06288526437906225 -0.06731486582023913 -0.028149244914743757 -0.018139931741064617 0.09170198745398238 0.078693106457984 0.08010952127594284 0.09306306736227914 0.010526668096097633 0.011828153587982872 0.020225156192185564 0.017638921266116388 0.056501360607647697 0.05402518977986118 -0.1292938616293442 -0.12202203339760775 -0.013998410662897708 -0.011188820943468727 
0.20447958470897581 0.20410532658626188 -0.025654285507624244 -0.028874179687932072 0.01915967770333556 0.02810008830810617 -0.19692971176668544 -0.19270735812244208 0.06129663509520777 0.06678162122991507 0.07202014432729534 0.06315258695862354 -0.03282416091901771 -0.027319702294207323 0.12513891038205907 0.10997574693634286 -0.05698987595288603 -0.05269247561173265 0.09794732159538674 0.09476345053049275 0.016409229115169833 0.011864588456520768 0.07780706382498502 0.07703772268147022 
-0.044666255955924085 -0.05197405702781016 0.13030709728801085 0.12405406212835168 0.1126885267826388 0.1144139132585749 0.038524413723772126 0.03408569547574392 -0.049424134528872884 -0.05235864937859478 -0.06555257968191212 -0.08213524949301426 -0.16826750035426222 -0.16648833129616053 0.03328956005733982 0.040023304990083074 0.06348170274829151 0.0718364506827866 0.1461982556538542 0.13811484597874263 -0.04583994238766634 -0.03722539997474422 0.004143079027661149 0.013996545090605807 
-0.14915212938390623 -0.1533126938759146 0.13754948406969011 0.12770865376161794 -0.09344286308483284 -0.10508147812377984 -0.07286983189564547 -0.0846199285738925 0.04366789148126886 0.0323830155879261 -0.07582833062629286 -0.08323980140681057 -0.049995596925435794 -0.048570587162088195 0.08897573128314452 0.07986748786519643 -0.04885397416456408 -0.04092706284285491 -0.10593960692098037 -0.10192683155992213 -0.08666763616933382 -0.07257262010024908 -0.0012135180860782635 0.00692201419691585 
0.09477819576467637 0.09645736795469716 0.14025602392284228 0.14869868609886217 -0.020194427877060394 -0.018412225533514574 0.02587633667424881 0.03746466920969281 0.0904724037305095 0.0954782431445302 -0.018697570980406596 -0.02441414060108881 -0.044666043879075946 -0.05329904851012918 -0.02688344667530071 -0.013321511044934013 -0.12463765570535158 -0.11417587741764176 0.053088388806644536 0.05395156034202457 0.07692637190432366 0.08008309659673946 0.09111052662319777 0.08340787407676394 
0.01046219214924627 0.012513687001701457 -0.11388071299854921 -0.1136714173676789 -0.040147045448080454 -0.0516552629772394 0.03808731713335029 0.03917776509392489 0.06205752383266414 0.06841293501767855 -0.017958637276714498 -0.012406387704024647 -0.13817825946828596 -0.13041089310139206 -0.214719267312449 -0.20937017937104244 -0.11715364705421968 -0.11720545186313741 -0.13274749354139023 -0.11616350296560574 0.12491629573849172 0.13173121595092502 -0.055738648388236105 -0.05192873382540968 
0.040573796309970066 0.04715418445689474 -0.15844244000018234 -0.16909883243430793 0.1338492969396706 0.12403107170075119 0.07083100574646803 0.06921827313102809 -0.09528718085372243 -0.08979475834140722 0.009953288866521139 0.007107659037558094 0.1314149757493866 0.13143837234271027 -0.02111416278922844 -0.035386949605872964 0.00984967918045382 0.022509441085084955 0.018245576336670073 0.005741026581702597 0.1340117137390011 0.13463316360373026 -0.0806991364636582 -0.07013315512046257 
0.14984349883763998 0.14990274491661643 0.2529788452149612 0.24093628868858233 0.026746123639858985 0.02239231099892757 0.14768401907782655 0.13630342480919963 0.05381671936782288 0.06984109106072883 0.005437007279476357 0.004901855703041824 -0.021401871613700267 -0.028942755674629502 -0.09123321355004575 -0.0865779044346437 0.22105205382451942 0.204708416949904 0.039646050322114525 0.046703636533890175 0.01967724490940146 0.008003795255255452 -0.22764911853224065 -0.24523734214974463 
0.027567045903503912 0.035713617856874415 -0.038731596456459585 -0.03452084811981677 0.008803401531056573 0.005987534158546711 0.05497065117395633 0.046214107886447836 -0.10734205427870576 -0.11967650998512604 -0.029552501509359834 -0.02535185274623289 0.08051364828539642 0.08394239363167642 0.07331072436727357 0.0641212121210285 -0.13931559213467232 -0.1275764900720366 -0.09290952564377071 -0.08320302657687353 0.057457580074525005 0.06614443258377271 -0.09605757625024186 -0.08884731943907097 
-0.1137859214711592 -0.11424293553271737 -0.02602998878378385 -0.027280569743027977 -0.09872829705273528 -0.09451993129028256 0.07496249899140835 0.08096066601135926 -0.04456869707207576 -0.041514160591815584 -0.04234288218764312 -0.0481657679803596 0.14934484590014172 0.15625403460154147 0.07672759561691453 0.08264574422693284 0.10502702767227295 0.10050668305471534 -0.05822998239362236 -0.04242372496440973 0.15797903478191752 0.151605838773533 -0.06259520881762519 -0.052347996351835624 
0.0279574247531465 0.028837982426240093 -0.033853542588957 -0.030352595992188012 -0.08589109650506213 -0.09214476315078907 -0.10498008025436371 -0.11231545716403692 0.0472538999424299 0.04888371943271544 -0.058748015084956695 -0.0542537689043697 0.15090514204298816 0.14381830224730516 -0.012432479444944288 0.0009716976132634215 0.029228917749025557 0.032204648107553094 -0.08442796217568763 -0.07477404417073535 0.1776801043620806 0.16145583616263445 -0.1239802434619096 -0.09878437593353864 
-0.002954192536487999 -0.00020654290770583293 -0.07843666992270955 -0.0875598713690031 0.06211327649523661 0.061658277704239865 0.043820329737713985 0.05243329481963832 -0.15477945003237017 -0.15747050661530257 0.01563064299456869 0.02010372369812297 0.12778507564637856 0.1378292852819771 0.09735441595348408 0.10125755495410224 -0.022054356951502648 -0.03143720402189123 0.029796872569293822 0.030122046938444617 0.0680422737771529 0.06929457601960379 -0.07644896426256724 -0.08527127285872753 
-0.07734781550421423 -0.08512385901646395 0.039041791320841145 0.033881615232023196 -0.17666303333636213 -0.1766383527824207 0.0653246567649332 0.07750771992632458 -0.16477139190833517 -0.17014474567448287 -0.09835765557401123 -0.08990988317244963 0.034138201408883996 0.027782733798228515 0.2052717319239993 0.20653933249777193 -0.04138315706533117 -0.040389279440719905 -0.045132913206477165 -0.04782181847841302 -0.038464095095380894 -0.026608122939377227 0.07846095802540633 0.07400350579833155 
-0.19172248807990636 -0.19276946834637387 -0.07713237355451741 -0.07479643293485197 -0.14718463513028424 -0.1537915367511075 0.026559840062230756 0.03324421720858037 -0.03605793876967889 -0.029752269639473465 0.030806380423070934 0.04025875189900052 0.02989033379814504 0.026457776923242957 -0.09613907471193744 -0.10267514980741223 0.03548449957000663 0.042115917300977676 0.10240480403757185 0.09539950341474517 0.2035509861299223 0.21571328133297507 -0.15141497802215206 -0.15577513012323455 
0.12507040979228573 0.1234810040119926 0.0404088067258239 0.040745179426698516 -0.04459498002786391 -0.057959050965242474 0.02814113648042551 0.035776678931059985 -0.07903517530696738 -0.0750218230705824 -0.16746576210940722 -0.15238338783226224 -0.11724990709066836 -0.13662532324958782 -0.06646584752606799 -0.08198742755993664 -0.027946019017864233 -0.011385107496727189 -0.0793032906624344 -0.09258555045296407 -0.10889747396701621 -0.10966277764061254 -0.0694409035110357 -0.0659847009879944 
-0.011058446570886884 -0.028168253292044584 0.18075150299427337 0.16751073026443394 -0.05918939673938918 -0.04789254286838373 -0.02167235516190865 -0.0074283757207224774 0.02454117606792141 0.03616659938042022 0.06556231041978751 0.07542447692789078 -0.14513947109009576 -0.1306490363939209 -0.026764038428117188 -0.013777359052325808 -0.003887484995281364 0.03484192459839153 -0.045593446096592855 -0.06471272298607264 0.050513631955190604 0.06267700318843784 0.002211571806078847 -0.007985217207240542 
-0.12334501769549105 -0.12004021511488758 -0.051308953034915 -0.043017959306734695 -0.014896416702507605 -0.012806146035237952 0.009818680766492458 0.0167703685823005 0.016563824872657406 0.010087650154592986 0.10467301186055404 0.09292280097654311 -0.0008461359321583217 -0.011664426807187035 0.04085366479945085 0.03225149422815289 -0.04454219293577658 -0.04629943597848485 0.2482691236546371 0.24654296556379787 -0.04778844255517397 -0.06402656224035867 -0.22040205408830604 -0.20344926960308313 
0.07308268461950332 0.07867823662441754 -0.15335664980899502 -0.16517020531500357 0.06111715880848924 0.07302504901098773 -0.013343603608859396 -0.000923238788446851 -0.03245785621368947 -0.046565023575348766 -0.03104571262698686 -0.036147832409612515 0.024883327373319955 0.048776272415887334 0.08178476497142076 0.07397113830506453 0.1802632884061632 0.1865446408587091 0.07422242133637488 0.08099537007454445 -0.15630704997515746 -0.14532657263881285 -0.005291391426544651 0.0007951479998224084 
-0.06773360256935004 -0.07463291812214007 -0.005895278403051398 -0.01582702723318847 -0.020301784315493142 -0.0116663073311053 0.04154985377692552 0.04551428577036091 0.1064538289315483 0.08994000172807189 -0.12131745345823809 -0.1200030351156298 0.04710564952153376 0.04710090317492203 -0.1258747901922438 -0.127542829359631 -0.06192539088647102 -0.06204632712488135 -0.07262239845649479 -0.06750964580615934 0.08483958931138443 0.0801263190475479 -0.031302334143899664 -0.03196992370407266 
0.0628235714879155 0.06382638905429075 0.01072421869615407 0.013904145230821657 0.19872124858825957 0.19365182770394976 0.12982291501262264 0.13281494788362158 0.146540860857824 0.15295454157520982 -0.18451585607760557 -0.19083663395619901 -0.07144932138415663 -0.08650198819078084 0.019614123930659002 0.01517206905460515 0.11687192607049995 0.11915293487359553 0.02635606556445933 0.034977568595286564 0.0004160397689794807 -0.0031389020770272373 0.09196339042919256 0.09931791262450973 
0.09165011950307533 0.08364254678015819 -0.1405787234740779 -0.15181280409584919 -0.02087463076225011 -0.04032008320217257 -0.030885132085588043 -0.043982803443467486 0.06995606023073249 0.07744391693690142 -0.06268712997109953 -0.05774723810634621 0.04833914203868555 0.0484906438423482 0.021526673503786963 0.011523104202282065 0.00025373008527206537 0.0023547472290824053 -0.14860358125960008 -0.14561725637247913 -0.03505915639746615 -0.049951559875847915 -0.050723067234297134 -0.062385451227247916 
-0.00658844839270221 -0.0015566800608820118 0.15086553042886605 0.15885554128919555 0.17923376572495336 0.17353341473781872 0.030153547894664554 0.031997098841971224 -0.003137558877677473 0.002739620337213486 -0.028695551122515775 -0.03694865776170585 -0.014310723578343695 -0.010669048959822562 0.004453186219923185 0.007356557497989604 0.05582745922468648 0.06443898171729667 -0.07831915475491263 -0.08266499807843543 0.01714521981082368 0.020057745405928067 0.13828409139865291 0.14743426136603938 
0.11349488369264013 0.09809602137778559 -0.15634025439794924 -0.14999079643637975 -0.17197036098302199 -0.17571756280180753 0.09479682131004175 0.11051005156748525 0.02580120628816972 0.03754103930363634 -0.1307673168839759 -0.11884833034427844 -0.05866035132208064 -0.0428011456507622 0.050995143889684715 0.05306807584748734 -0.016176136095625293 0.0021005888869306474 0.17039417318735683 0.1627448107231804 -0.036124820459862005 -0.03036141154611578 -0.20966301634271348 -0.2161581937697528 
-0.12976331383130849 -0.1392551954906013 0.18689783689793707 0.19078452848421765 -0.044015614433257015 -0.044778501883993904 0.28450096380415907 0.28048811081411645 0.13901820823474745 0.12087022713966006 -0.034080375957868295 -0.0321015451515374 -0.08202369405849279 -0.0790232913551059 -0.06814627666621804 -0.061781590844933065 -0.14498489465152295 -0.13292546357990925 0.030993899260946624 0.03547472524628314 -0.12934931444978473 -0.11273811558739774 0.06842194192464109 0.06386807137418125 
0.06714862647486836 0.06072802692054131 0.13838415821400082 0.1293843336429164 0.16991968446390862 0.17742868347452945 0.04320165876888982 0.033650434258268 -0.06144100538929748 -0.06919453268584919 0.05746919963653794 0.06107337197996814 -0.12272793755994867 -0.10901584051776206 0.12759049073800216 0.11943044534071275 0.05451191768144185 0.05634305300783636 0.03899538959494442 0.03796285295914408 0.0978461685365359 0.09162306795117875 0.247644716343638 0.2546896575616575 
0.036549813947514366 0.07299811257950721 0.026454343684826402 0.03943932335945563 -0.13805966215487003 -0.13555475503954453 -0.13656618529444028 -0.13203962721693774 0.04000770901905423 0.04300361259705089 -0.17076109189464841 -0.16465291262906662 0.0779325316950664 0.09064253779859749 0.0022266100114239277 0.010579426758675297 -0.04082579156775973 -0.05525125307972896 0.06749057339900226 0.07118816642620898 0.05571970426171098 0.0604809922138514 -0.056472194435675624 -0.05483810910857542 
0.010061743527033987 -0.007218317938453927 -0.02584202797742501 -0.027290408309805295 0.011543514573193357 0.009112287084179205 -0.10029619946617838 -0.11193752660448465 0.15131663368990414 0.15205314476071513 0.0332207899684167 0.04312762081391179 0.022694916790398034 0.03692676650556119 -0.10355186570110123 -0.12332121583919874 -0.18055176112413884 -0.19054168481533945 0.042840616516729484 0.047423955758531686 0.06869299092979492 0.07272507514636734 0.008217263559615447 0.010663934741659149 
0.022051033080964743 0.01857267733608929 0.09183788396336925 0.10874449625330415 0.03847971297043995 0.03732059107920888 0.06013207526593838 0.05870444635677383 0.004386481403135905 -0.0027757182686067626 -0.2595151632909309 -0.2539777484343474 -0.003115625965956296 0.003969270498069274 -0.08283846334614786 -0.08415787662945441 0.11027835757277275 0.1037073145858686 0.03589606678595331 0.040971436125218995 0.12717615072831037 0.14029264399728536 0.152062691866466 0.14502648852807282 
0.014260765439973185 0.005149292322465553 0.1649257709734433 0.16954992064965207 0.04379755739412481 0.0433203503596514 -0.09240227621722724 -0.08739841631560313 -0.029643864009511373 -0.024789402999446583 -0.0787140801324309 -0.05911695040049576 -0.07844972967423328 -0.0855548993233296 0.03420756239568513 0.023519190497036747 -0.0026559595506481116 -0.005468181812279829 0.18398659534169182 0.18416059440389065 0.022630883690515535 0.026946481341163044 -0.041613390508005915 -0.03273974007873836 
0.004831796830304072 0.013318238265570269 -0.16993484915110185 -0.17407443789261226 -0.12968525177197512 -0.1418483313734509 -0.024171488934979404 -0.01852644924980109 -0.044225978803198396 -0.053642633843264065 0.08619703428033748 0.09095568421421625 0.16711853516193526 0.16021672098117126 -0.06310632575897225 -0.061732863790207655 0.005050983540460194 0.0014067072577375501 -0.07008563790914697 -0.06686322931793671 0.04781823461969572 0.06117628743265843 0.03073011837882458 0.04202321325953962 
-0.07125395413486314 -0.07842560059829508 -0.008050752017378067 -0.003611467070791437 -0.12457240806807393 -0.11976433344112627 0.16951857083358715 0.163016078365958 0.1685610164439881 0.15898894981334638 0.023089015562189653 0.01950413807388938 0.02095440811311527 0.019734180625920687 0.1530292632675583 0.1499306901921523 -0.07362954584087589 -0.07189535259148827 0.12959537567352572 0.11969370759795278 -0.0012016494791728372 -0.007301402886524717 0.07100177326289239 0.06910861907773923 
0.171415463966412 0.17569932892707552 -0.041747155522442556 -0.033225193307319975 -0.021111734503819923 -0.01339125481148345 0.003297857238868942 -0.010862443404300072 0.014004934368386237 0.018839527431671416 -0.07247891423420244 -0.07459698803976833 -0.04116835190100682 -0.04848629023841261 -0.12234879098926 -0.11900628752322223 -0.015966386846159312 -0.01353644950610282 -0.11472375150430435 -0.11148325764142958 -0.09276029454885794 -0.09015673311056273 0.10479507773502506 0.09943478796286033 
0.03644659091449251 0.033340193459270286 0.09582663342247588 0.09795268318433108 0.0019952704366264762 0.01376350034605618 -0.018122744540923434 -0.029546830110459173 0.04474277777324466 0.049224812111295604 0.16918705413828855 0.16742796109819935 0.19978472688564203 0.17947242146864295 0.05174516050254348 0.029216390732064414 -0.0374328948668064 -0.040430018984475104 0.05199794466549935 0.05117686375330943 -0.13969465374334483 -0.1433101377441024 0.11561085880489855 0.10791453900066444 
0.0896023841822834 0.08121342028724118 0.13198035136985395 0.13175557282647485 0.10260566902535957 0.10198227267976466 -0.09985501860858643 -0.10575481341086564 0.06097266996611057 0.06281015202418162 -0.2005851548467454 -0.1881397859990033 -0.07208809494966327 -0.07416643992575929 0.0634508794125153 0.07395435209860717 0.11333078046285133 0.10481636931762037 -0.1781042982086363 -0.18465048295133576 -0.07867617805928212 -0.07456121893139336 0.09048419996495914 0.07236882642972417 
0.020131423326655466 0.024353674758515555 -0.04955677577054611 -0.05477822403852884 -0.15155237178614264 -0.14042455286961741 -0.09245156017683603 -0.09106334719142126 -0.17002470748113413 -0.18023137540832943 0.14151620297688705 0.144680396195909 -0.05836544376617102 -0.058402732470626155 0.036369639267278035 0.04341345335302814 0.058906412797441556 0.06179705669934174 -0.022878308528242994 -0.023198556689469938 -0.19803874116965955 -0.18721578683501044 -0.11522259632098507 -0.12173656767071732 
0.05839050042875489 0.07073229872312911 -0.03682843633738594 -0.024322879713902318 0.18644951033232307 0.18597221598957087 -0.16259736670206645 -0.16998219698464967 0.113528024358057 0.12633677673830596 -0.12491964363947623 -0.13574910500467396 -0.04215590152816148 -0.04277074214090895 0.0506490386244465 0.06535480450210779 -0.00906967165541515 -0.01003123257214149 -0.11727070119696757 -0.11759968808532793 0.06889356098003165 0.05282893004050815 -0.045407311701333754 -0.04611883957922561 
0.004467974726297364 -0.0034531399112077304 -0.008534360418982468 -0.008665121701190904 -0.052523534365118404 -0.04268798847751376 -0.07813959249357137 -0.08266910224548851 0.048515658076438366 0.05612858516408691 0.02688035978730139 0.020179391240577306 -0.07983288295258305 -0.0940575435593606 -0.09795454662057607 -0.10205972794367907 -0.03989612953682513 -0.0284233423188527 -0.06649814862843674 -0.06965013975440504 -0.18824638004371608 -0.17646095493674363 0.11982225350008505 0.11521383316871966 
0.028444379904237944 0.01894956150832824 0.018281752922129746 0.02242674627932365 0.10630427206770204 0.10527343001621908 0.054395144771169336 0.04254760843821259 -0.11851830377957265 -0.12315071862366064 0.0053342417241186695 0.008463887359226237 -0.023734677804994716 -0.021571420949808073 0.1111156037408049 0.1176655552729392 0.07488219236284939 0.08264324323233742 0.17656536380368423 0.17829348237258866 0.04328563314984475 0.03470599312195832 -0.08371448064988679 -0.08732931678331907 
-0.008412022828237047 -0.00440768540427221 0.12951956929407343 0.1395861826693203 -0.10606872591089299 -0.09623241030232335 0.14028967905681022 0.12163275249293015 0.015154463710189638 0.016909342202822336 0.08390863034783193 0.08942911403007889 -0.02212013982591939 -0.014523717217691618 0.11699418872424833 0.10607787862355685 0.11813832999195673 0.11966981201627902 -0.0263301376696131 -0.0074999357666720515 -0.07405745189576174 -0.07085993151621775 0.14622846959999009 0.15723834208456572 
-0.16069365123296234 -0.16974604770035143 0.02287958588553594 0.02571755470637203 -0.030159506362124194 -0.03677813924055381 -0.08053458181459675 -0.08019416496088275 -0.23160725074715863 -0.22757493443512233 0.14332446748934796 0.14901819903676194 -0.1965637281827839 -0.2034794859466585 -0.14887193511990293 -0.13898084858195564 0.12093550293289414 0.1092199654110856 -0.010969555010863661 -0.02766583480181266 0.04669058663641625 0.04297286831850044 -0.08998130984678399 -0.0817763918234948 
0.11370684804668388 0.1071163586500185 0.06617559461663725 0.07262264430372585 -0.004925942223987082 0.011269744894319693 -0.13098882108376703 -0.11788760605845003 0.17381844487388365 0.16525353707373397 0.010256068323624308 0.011498972854607823 -0.10226560557170679 -0.10934438269845152 -0.10790735438593894 -0.1075059559174799 0.07623677012000891 0.07210841562282706 -0.044591749157375384 -0.04534529677837516 0.0069366148166798685 -0.01262949304025515 -0.02512211168275369 -0.02340557660956486 
0.06808748857649456 0.06453819414338013 0.04092201672440072 0.03122330209945246 -0.13415178894345653 -0.13262920294237496 0.09368071995310306 0.09363968855049215 0.07780197908216635 0.06828590210744598 0.044409355015758066 0.05069827973671115 -0.02303690794078647 -0.03143801834696608 -0.1623405133658721 -0.18060813623385136 0.13661229466780772 0.13524204337153672 0.26031385224091635 0.2661686904674748 0.21418548949993022 0.21639064308311276 -0.008098157926993107 -0.0029367475279430764 
0.047380789060038724 0.034089053298186754 0.010084771121632353 0.018962304454875428 -0.0770789148811713 -0.08817631893225554 0.1539154005343951 0.15186253211207834 0.09036538580015802 0.07312235874341537 -0.022818682556427997 -0.025329307782255523 0.03472736156244635 0.03766665256670876 0.02595709153160245 0.03495351627420891 -0.05727874338782726 -0.06409117206402584 -0.0836922406131318 -0.06880647663263949 0.04696824142852762 0.04000789569031359 0.08002670814783451 0.09128109493988669 
-0.11228637044772143 -0.10056755309666757 -0.0958429552209761 -0.0984853913261261 0.05389186395143962 0.05627082790062763 -0.05044731391974559 -0.07056330235768524 0.08294253744941946 0.09021976902964782 -0.0587767363059467 -0.07678406818012566 0.05726520347242583 0.059000972952228184 0.09015549981723898 0.0889607345901038 -0.07046564917262357 -0.07349339656036867 -0.07552973606961924 -0.07283402388783712 -0.0465085280379255 -0.05268148842719364 0.06637612921110794 0.08854746384644353 
0.018497094862789606 0.002419445934284004 0.11740763248513449 0.11450667145979049 0.0006224537744464135 -0.014529624259347 -0.08543503667454182 -0.08175922563597642 0.05976264518750484 0.07026574801850244 0.06685899452623824 0.05925227043279146 -0.13796443237661968 -0.13533551390355697 0.05828520828616143 0.060950482688369945 0.12641269612817 0.128738058922254 0.05116840601414943 0.046848288909212374 -0.022819503111944847 -0.01980964130821483 0.14714242995449114 0.14192948149770934 
-0.04887209926258531 -0.04745950743160508 0.0569680096988845 0.046699459496538906 0.002849132227057073 -0.0036985733761718156 -0.11254316498403548 -0.11712639059741509 -0.08664723514767468 -0.08566469918349433 0.1387035088604656 0.14303431291463 -0.03483707975605077 -0.03891498513513883 -0.06933485303099929 -0.07461695786001095 -0.1488606009502924 -0.14129714945267588 0.0536648562024077 0.04650623768771123 0.03268336911577169 0.04375047022117395 0.04608276048536922 0.04536288964665593 
-0.07463203966693999 -0.08302731138348733 0.16831734652912203 0.15361457951006874 0.05466713556749936 0.050600527632249655 -0.11651734041514177 -0.11468043847437225 -0.09932207775245604 -0.10214194958662041 0.021713959792845 0.017431477575755798 0.008928959707753313 0.02114801023196703 -0.0031017371060501394 -0.0037905278732406657 0.08484619390767988 0.09105016322811363 0.06901798219020833 0.07783827765594498 0.10137189196594423 0.10864012352173247 -0.10834972667202937 -0.10502706263890925 
-0.026117521518501365 -0.019721759140379082 -0.06198311954233687 -0.04699235183585228 0.0019058631321667303 0.0014391500695628272 -0.20726102867278015 -0.21502450217834812 0.018574851575280993 0.01946857355801461 0.0032053351172302595 -0.0019428969390851989 0.02061122929277876 0.030211575183099307 0.05044145318020542 0.05149665946251069 -0.3340094361928555 -0.3394658569743132 0.03147694508427291 0.029137839626439368 -0.002789625969212595 0.0030057300963031576 -0.14309836374141152 -0.13679445771533516 
-0.18291827937666905 -0.1783905201445916 -0.058093154664457906 -0.06730413595741998 0.09373844360058682 0.08060664630485566 0.12842789033990934 0.12592298598155308 0.2790856400457785 0.27774125819622014 0.13376344602746026 0.13476114048312676 0.14653244067014692 0.14177290058704328 0.07430009320398767 0.07745619264913324 -0.035586489448789935 -0.03220735444646267 -0.0908138462739594 -0.0856685432910341 -0.0608434067058683 -0.050858513300237426 0.03901852359942868 0.035693614468034755 
-0.13458974070527294 -0.12485062167878512 -0.047112422198835234 -0.054894361762269986 -0.10846433074522173 -0.10122970068002386 -0.013231747898471443 -0.026229536934354022 0.10483241930579798 0.09893797880396145 -0.01966747677260975 -0.01828757531449874 0.2854414055255894 0.2816621719077023 0.022146488356803735 0.014248469625717734 0.07642876334652042 0.08640949846168001 -0.10482216186951633 -0.10168574367683215 0.09471971304649754 0.09925715425047368 -0.010624560898356889 -0.004403788541736033 
-0.14719481592383318 -0.15059348878085524 0.039641514304647345 0.03959090185410594 -0.15115855524045171 -0.15124002503247885 0.038049303960013006 0.03450953576475396 0.011947367542677372 -0.007707760829761616 -0.007524654645579553 -0.010923225658416691 0.19919840347321083 0.2023809028763609 -0.0676899990386254 -0.05340368156968017 -0.05487903404172911 -0.060400976440614366 0.05179380277077057 0.04865840016914384 0.016827075975277973 0.026328904561972826 0.05369757474443413 0.06037312012479874 
-0.09620441762726019 -0.08627003648367172 0.1580768666659588 0.15729366960769597 -0.13359422429558057 -0.1245986164682258 -0.06283278325756733 -0.05909701922904479 0.045214460920512116 0.03656356655821984 -0.047546543352109644 -0.04870763912655472 0.22586690401093143 0.23033262943594 -0.14628404332345712 -0.14398623819472278 -0.01718391673427301 -0.01224678072813649 0.02361048029188791 0.0167084922619309 -0.13048883809520467 -0.1225299899166535 -0.10567383102615996 -0.09824299537757768 
-0.08739074184902329 -0.090735542560874 -0.006136728660772125 -0.002208993305600171 0.11619064506976395 0.11896139055676967 -0.03373278448594077 -0.028200891733624268 -0.06433461589788966 -0.053989587613133314 0.04372164725967643 0.04214890411122406 -0.034820533505708635 -0.013989224139210627 -0.03980141701301488 -0.04921186014286412 0.07659812285520522 0.07163493035412223 -0.015375169653341157 -0.016953959135911665 -0.1179196635004336 -0.12571791279648303 0.03558435443559852 0.04491817938767948 
0.028811662871252978 0.030992706229332673 0.0683080993930169 0.08284786957459306 0.14001441495504316 0.14454088137427426 0.12300427634968077 0.11595626313235614 -0.11453584333380111 -0.11329256004710436 -0.07179118067309238 -0.0749314871670022 0.005270172871837266 0.0035391652453627 0.024314452950349136 0.0381900034218019 0.13036910462109882 0.13470768571401814 -0.09585635901474707 -0.09373822386022816 0.10487294209718948 0.09795831370925535 -0.17026710575627202 -0.17075113966751623 
0.10266129550952767 0.09859887501972542 0.031376394077590956 0.03854130414687096 -0.029504046128862156 -0.03877833738903689 -0.03653553879730462 -0.03314747979662947 -0.035893600493529486 -0.025662389077761368 -0.014170035769704247 -0.010479582044129488 0.026072996851901755 0.028441540445079967 -0.08833256003704289 -0.08465911843982443 0.017061845278491358 0.024392967922563118 -0.13859384981836645 -0.12126712825523987 0.12921618924709408 0.1310228922267913 -0.06786389879287077 -0.06838761082558988 
0.15428935068713615 0.15358172364768824 0.07674922723358024 0.070290078823017 -0.020450351360241047 -0.030667105262516103 -0.14802049975490186 -0.15642904789446055 -0.12758753609970228 -0.12453313349001732 0.02241144468817594 0.012804043957744588 0.021684961684546335 0.025775010056318742 0.077896911198977 0.07813762388931836 -0.009672210718384762 -0.0049578387335212585 -0.1704577688932268 -0.16433093135374544 -0.11153938658549042 -0.10800307740689075 0.16091384138693968 0.1554504496945608 
0.21235614124522778 0.2102288038959675 0.01746801667401131 0.022081731424141982 -0.014564538094698829 -0.008936727516500114 -0.030311606321587307 -0.03445321279084933 -0.0472291083149863 -0.04074506013349736 -0.06123542706240826 -0.06393080716441513 -0.12942206849993035 -0.12975165763569108 0.06468581830201084 0.06147720170497221 -0.05103211067661122 -0.04919925410118384 0.03105589630856488 0.027809132389286048 0.15834899079379014 0.16935134244568006 -0.04411164067704299 -0.037536036536780476 
0.05668323084985792 0.043321780250101714 -0.05217204378713942 -0.068515037862283 0.20098593236216472 0.19633183566585147 0.036427309752418494 0.043785255594848194 -0.06379900319627434 -0.07071858055369086 0.12326022807114805 0.11483826384818902 0.06262366084029114 0.060749040822951156 0.16298219775674136 0.1640738461195646 0.17663777053526394 0.18413549890264247 -0.06575599946352541 -0.05890129966844603 0.07068375959575073 0.05549500690172294 -0.12161934599679015 -0.1395105888947817 
