100 24
-0.012178268181554307 -0.009337699765507607 0.14848922784456262 0.14638704414366982 0.023764473859485182 0.006071386319400081 0.1287615583003417 0.14111012326323907 -0.08010130085265407 -0.08032010017992017 0.03629675122477527 0.049806218713539976 0.060871028093597276 0.059513530252530956 -0.03917542706490959 -0.03416271481820952 0.023723368247140324 0.03955806682535119 0.015617477263729106 0.017694758945996102 -0.018568100497678406 -0.014981201758489774 -0.09120263848931089 -0.09504388880604188 
-0.002373914522643927 0.00013512817237502786 0.14034783163583966 0.13562733509652655 -0.05518926825433644 -0.05261658300885643 -0.022126573772108322 -0.02694124154654073 -0.12301602287846858 -0.09869456761730339 -0.06794033721279233 -0.06387887033084517 -0.05613888224509119 -0.06343879447366041 -0.09481607690455646 -0.09248401691867154 0.04575697662234475 0.06310464903367098 -0.09732688541987869 -0.10895220917229227 0.1558777069435355 0.1516926060175828 -0.03813508145626284 -0.03671908090085392 
-0.06299123325785262 -0.06285205173688412 -0.08785663988761358 -0.09060555584534646 -0.06472363487826767 -0.0567696962634404 -0.03672140489139287 -0.02931655075653893 0.058650100318638036 0.06717879374778286 0.048499556859424704 0.035425853429364954 0.08000568167278892 0.08150589138820293 0.13798759252194673 0.1359245028793132 -0.12591356320385225 -0.137877957677948 0.04100681077519144 0.04916252586397414 0.050132848555869795 0.03992085958259659 -0.25607358285862997 -0.2614535831618717 
0.04666471144947308 0.03791283402655602 -0.08610640725242115 -0.09625822503784888 -0.07465721373048237 -0.061981261934549205 0.2138959911696995 0.21436590509385445 0.06947424019575024 0.07443011199608546 0.02740573350719737 0.04070810188050505 -0.08816003277769927 -0.08196337934564901 0.053764649067710724 0.058325078836833556 -0.041764899311956157 -0.03393442966413139 0.1277263648204306 0.13631923247473013 -0.09871671304153352 -0.09964347234365534 0.07653259816325876 0.07060015715050368 
0.04934096980949379 0.06548630597877453 -0.09032306191915603 -0.10700309719476629 -0.06650491461116806 -0.06288535157389069 0.013752523648670037 0.01896595792434284 -0.0036891501341295 -0.01091082875822921 0.18394067842195286 0.2008253668818731 -0.019683984308264863 -0.0348915911514452 -0.09885316905810204 -0.09028176383578791 0.06250482556090785 0.05770089766649673 0.03355429213234274 0.03127870944129695 -0.05343037087643472 -0.04678022806677326 0.02849101629799448 0.021125959101543152 
-0.009940911666689804 -0.007431953936755963 0.13301600889539833 0.1390861862232196 -0.0802038834529446 -0.06993374042191965 -0.032999874128350384 -0.018888326073131293 -0.12871146236962594 -0.11274558705005534 -0.12925203863950432 -0.12646909186400485 0.12441269569609435 0.1278502501905508 -0.23146290423984467 -0.23027978168944524 -0.07373893176251728 -0.07751843645929507 -0.062431910794641186 -0.06495240496849791 -0.25586211693921435 -0.24774270637757645 -0.051838443040047276 -0.042411363591004274 
0.024350259575721102 0.032955545361151445 0.041219376970136105 0.03547238955068626 -0.05847779900099471 -0.0700320070589932 -0.016783610696025488 -0.018363085173269733 0.09133051174501798 0.09959696510626642 -0.04867983440292097 -0.0449893312711717 0.006893278258562952 0.00048800444810392235 0.14140292703002538 0.1413460241182464 0.10565361282268323 0.10920640275885109 0.0845753068706203 0.09071312849695638 -0.10149402280833215 -0.0965612585278298 -0.11108664303676467 -0.09601450126730382 
0.12770152319104575 0.11774656552930447 0.01710368294256889 0.026547479175490774 0.13317718687430127 0.12242986798911305 -0.022774191725175908 -0.03414565855739408 0.08440501825954817 0.0795062387690741 0.002319656806841095 0.0064303202448932634 -0.0784631711344513 -0.0885912435959809 0.0612764747184676 0.054988804752428615 -0.04631349322788018 -0.04526225174731786 -0.016478142349157426 -0.013411434813918878 -0.03990298023233045 -0.027234552679322246 -0.03339905937977899 -0.028737232753188367 
-0.09236322989460266 -0.08550089743890564 -0.0006611340021364368 -0.003069385323274095 -0.05434876226869112 -0.0592847996352063 0.1511744098539066 0.1531911429172601 -0.005972454339520996 -0.017142067665196076 0.07354317733158816 0.078797025198369 -0.013777860951916418 0.001558255525511334 0.06663918972266801 0.06122063192955279 -0.11120714258398837 -0.10162743734434723 -0.03193357573054703 -0.02116215156016091 -0.20512162200954176 -0.2037807340924638 -0.10743716953267048 -0.10146149787577356 
-0.1367312509819629 -0.13332758385830112 -0.047408631621692024 -0.03333719995102894 0.04982924817386991 0.04075865714884547 -0.06211820550117336 -0.0668806302813536 -0.09810174196159421 -0.10425787184403039 0.009630919830188758 0.031750027334516054 0.031084824549161668 0.02095211158845359 0.006036060562404795 -4.586398589877684e-05 0.05326563712385473 0.054246695810520315 0.047536325387086686 0.05602469829970134 0.12408762907955223 0.1244159860336173 -0.046920676768153875 -0.03349828480694937 
-0.1264600049348756 -0.12450936835265586 0.13229281996592604 0.12899043863254764 -0.17353148774322358 -0.18358294035755568 -0.12581318935681757 -0.12415605069617641 -0.12031628964864391 -0.12120956852054597 0.038004707193321115 0.024157098860748717 -0.09803931710259485 -0.10455881868954792 0.0014688501440729192 0.011138748158138489 0.11128871236784867 0.1010562148693088 -0.04043348966481911 -0.03834583242988889 -0.057392649074468526 -0.039866343512902226 -2.2725864201893723e-07 -0.01751676424339911 
-0.04440955081349568 -0.031733859042123516 0.018377141283812334 0.005398818143942685 -0.18835326875768074 -0.1845532686384033 -0.06774081447636274 -0.07072618586073309 -0.011301277834593212 0.01612264947345681 -0.11421328111485268 -0.11806263829556674 0.1766722361803636 0.18712628973501613 0.10624404105079648 0.11044578262869477 -0.04122421764471126 -0.05178439329066098 0.012168485526571371 0.008829069751020385 0.08704756065255614 0.09523199351287769 -0.14128135897557811 -0.14399955625738284 
-0.07077623583754244 -0.05481385206426856 -0.08397276631858469 -0.07835851057590836 0.08122775874003654 0.08147031505815766 -0.06850444824334935 -0.060949935613981245 0.2419086970359709 0.22845253884866085 0.05294549798794129 0.04534644980415285 -0.04423819494216197 -0.016756029758275892 -0.04831789914718852 -0.04182064629152371 -0.004645783344717374 0.006815315666876906 0.1954434323191831 0.21047078818002127 -0.06032306598156634 -0.07868923779293453 -0.042599980479396844 -0.050265850237948634 
-0.0009369400090948475 0.0056015285509131325 -0.12849247772451675 -0.1309062895689767 0.09094453505503025 0.08433175157093238 0.14007157511923737 0.1463180269529069 -0.09317837658465204 -0.1087927440572349 0.037204901205004616 0.01613005230846843 -0.07216042147331991 -0.08087811364025745 0.1550048985917461 0.15354532968561632 -0.1486508723987998 -0.15237003258886742 0.03085856740150962 0.030041298101084454 0.08050833772175156 0.0881954213985392 -0.03026600123254769 -0.015634212198013916 
0.16290615891223575 0.17334584878155979 0.07556464773767475 0.07833939996851227 0.15510620236594916 0.1469722877665941 0.07848843483983374 0.08684476194741003 -0.06605683877672167 -0.06887912020011426 -0.048476256353938214 -0.04716804631016388 0.09619390987566814 0.09363368035465316 0.11772704046974332 0.124980032027977 -0.07475025305773197 -0.07244937047397808 0.03727461603641623 0.049383949064529746 -0.06317608874491497 -0.06657693808490933 -0.002055927194839088 0.015038613769506251 
-0.09272937563401379 -0.09057811731585014 -0.19282235698949407 -0.19242834703034548 -0.09131253356633884 -0.08527191405386603 0.025147404898902947 0.027753673013440408 -0.018636261525514723 -0.014209413630408282 -0.014361381644956374 -0.017611312508538948 0.1129669539272276 0.10559529063050685 -0.2852373894969748 -0.28478781524400676 -0.01687601480882691 -0.008838815533396771 0.11832708955441457 0.11800471866319251 -0.11153004119713474 -0.09450434847903046 -0.17543839843439737 -0.19542423578879145 
0.016252939187459885 0.016863392719125823 -0.12271273710567307 -0.11622900489703886 -0.00779677876967373 -0.001291834874220894 0.04904538571673137 0.048024608958387956 0.11165587574894309 0.10489319140583137 -0.08785555681937829 -0.08639522176310734 0.04311593359469675 0.041540810460329904 0.11379477461590004 0.12146256483055433 0.07749823775615058 0.06284606641774089 0.06103299224166131 0.062058719323701036 0.07600761138779881 0.067977425387641 0.0699919640791563 0.06559196251204635 
-0.07558702033366073 -0.07330557545177725 0.10932426389747968 0.10369186671405775 -0.11625144310706097 -0.11315292078015324 0.007788193378822892 0.013565744979076191 0.0074061115295027905 0.022752799511552055 -0.03622900451117898 -0.04110546275406044 0.014857543983728457 0.022628498725125953 0.07851036810951521 0.08775232676313734 -0.1720075324863217 -0.17051260412103744 -0.10961475405156597 -0.1032276412791187 0.009133413643869282 0.03190262654165852 0.030470404908956757 0.021680440737770895 
-0.05698774772804754 -0.05895106091628803 -0.005083524505851082 -0.021288850073091482 -0.011754260078739349 -0.016993212089859027 0.0010229718360845934 -0.0015531726068578123 -0.014347117307689667 -0.03457866607217108 -0.0398000619829351 -0.052442325063504804 0.24601857253025713 0.25429171284460567 -0.21484277888469605 -0.21256822947336393 -0.11163740467987443 -0.11898581554175042 -0.13602631416958055 -0.1400308674812792 -0.07121599161115214 -0.06556168337748879 -0.06563529166218222 -0.06494688343612012 
-0.07718768289916497 -0.0784216040121345 0.03499184760055671 0.025244267122271305 0.05974437874437127 0.05215152533515492 -0.0771735419220337 -0.08161863229250939 0.17570544687468143 0.17532037447863 0.20742426179300197 0.21001737692140632 -0.007934229191482236 -0.00946824273380861 0.0067943612316129914 0.01651733673388442 -0.012236056575272745 -0.004541847911686366 0.15600529446092687 0.15440580572431303 0.10319401436389752 0.10156789481481455 0.013872924041415859 0.008619312170820945 
-0.12269656839091626 -0.12772255988306358 0.052729681605445805 0.04269212714511575 -0.014353386083508874 -0.014337620904960357 0.02443924634763911 0.03453312406265027 0.028761128274799888 0.02895212998021039 -0.021534499715469113 -0.027992195607984514 -0.05790287828370144 -0.053397717303815775 0.16178358212422794 0.17199706757907962 0.0498639810355557 0.06116955259181027 0.21117463997171448 0.21954061495740493 -0.08965231814791948 -0.08471581884600607 -0.08126674565948988 -0.08305579082640803 
-0.13120780879758942 -0.13762841356835043 0.157673993325799 0.15182161176453757 0.0871454052563217 0.09428823971116179 -0.1970742020750163 -0.18657805458462381 0.2005121649600916 0.19464575121858949 -0.04122016661962307 -0.04940431436637421 -0.06251483975454167 -0.05347742902914587 -0.04065290468337202 -0.045576440039431114 0.1050121535745487 0.10844533174892303 -0.07930447797547709 -0.07738285688925733 -0.12809428095458178 -0.1394725339060901 -0.04063851725594486 -0.027440800648582533 
-0.10803785996961522 -0.10260745433605896 0.04994651162258675 0.04525189077901182 0.04622874402346391 0.0396461329504787 -0.035246032940378355 -0.026552958240745092 -0.16137424152203195 -0.14832065348035936 0.0004930606920908204 -0.003565318089666563 -0.002048519635147235 0.0006471325053458611 -0.05288085909949291 -0.049599974138164915 -0.039995044637806426 -0.03143458959738853 0.05881848372600389 0.06293374251418844 -0.11410163173468642 -0.11121998983137654 0.043836598734452586 0.03590929705075162 
-0.2850596245789461 -0.2750920845396012 -0.0951041610994397 -0.09024907399640462 -0.042385433519969574 -0.03244324867723063 0.25551545400653913 0.2464136038739818 0.26064293123656934 0.26121208714847294 -0.0730173159814496 -0.06710418293809688 0.15590219324480434 0.1518204952855948 0.06662698204009788 0.043462337078727244 0.04248825589210835 0.034614749645538116 -0.03054777002143749 -0.019753738167767227 -0.00761328893301366 -0.015675372041053928 -0.11059905226564444 -0.11287031816134821 
-0.05778103405365662 -0.05916829064989465 -0.05234417973424329 -0.04819481504356173 0.004173393268909763 -0.010596743942489346 0.22408164801531974 0.23580092510695516 -0.05563737407779606 -0.05378471200538953 -0.061828854140807195 -0.06076106124173937 0.10505168478956929 0.0979185449219112 -0.06043107385468431 -0.05185888175030752 0.06988262738848267 0.08430636234397264 -0.052088135902867226 -0.06258404775207091 0.11076156238798555 0.11878405222447055 -0.027556769484001955 -0.008715269446290218 
-0.06914311751237788 -0.06762994233890696 -0.028738051017336837 -0.03312262062161512 -0.07653524925070897 -0.07713385361687923 0.03954882200094757 0.03685474979923571 0.01398249318078447 0.028662597787941425 0.10489202176932835 0.09917772914200837 -0.15286569799448133 -0.15127705469174255 -0.10722680478049498 -0.09953256780150894 -0.0494901565940707 -0.06606469032959039 -0.012886979766746156 0.0036168922091986814 0.042891615276981654 0.03769147033488946 -0.07874066695088848 -0.08352399463253495 
-0.02516958896622853 -0.0336847412364781 0.05790840397413924 0.06461682638164955 -0.028403401187313975 -0.0328658391874866 0.2677844106945909 0.2594857982237395 0.071236445381023 0.07400268474213484 -0.04439629398613686 -0.04527979041845882 -0.01894607685040002 -0.020727564988087293 -0.1171618779437071 -0.12229644857323374 -0.003978769167863594 0.008557558342876328 0.04027659795142916 0.03354631871124938 0.05986516455501338 0.05980443760555525 -0.11314936028099669 -0.1202879338129066 
-0.05677005198490342 -0.05965017262186176 0.005439864920555839 -0.005247347378163706 -0.13323308633502584 -0.13419127041461404 0.03519417099941578 0.031063658222803093 0.003510523088968425 -0.0006329569309807674 0.0647198008826676 0.06080317302905512 -0.09224513806330184 -0.09245966864932358 0.14305817329322187 0.12745752270918428 0.1620777075160442 0.15323683439194374 -0.10666723952840329 -0.0904266324961615 -0.03338176674796016 -0.03935163119627305 0.08542185812460004 0.07456592341746997 
0.16767454456309241 0.16624965856158058 -0.012889525746031284 -0.01003185708977887 0.23292941493653996 0.22382074567076343 -0.019748351152238212 -0.0019608534575026077 -0.014240409685948793 -0.015123545295939272 -0.05777204771502052 -0.04523455749281785 0.06562509501262317 0.07066789467503783 0.07804813762134535 0.07126037938271863 -0.11720879571027641 -0.12784466514812673 0.033385447619369936 0.018878011228345554 -0.11283897491023526 -0.1210852123451313 -0.12672916343078133 -0.12566666978225863 
-0.08930422174894515 -0.09322460924262796 0.009926932444553227 0.014023490902515716 0.15624201497817147 0.15813979086506205 -0.04616254986277456 -0.05322355099100578 -0.019139399088341294 -0.02213729350601017 0.08420036297004903 0.09581441080947671 0.027226597849966828 0.011715841123393123 0.03757165954751109 0.028642724447442442 0.17982455853455023 0.18732649068900484 0.19395903015012453 0.19544248562572653 0.10468154397905843 0.10886918480993799 0.01895105020078591 0.007492590632799547 
0.04387818816111443 0.03346638329192946 -0.027097027157395214 -0.029199775003363692 0.005256145843140528 0.011216905988520735 0.04449841895319891 0.05669808135448581 -0.2164804659568403 -0.20408478777814765 -0.1324517825064105 -0.13857352734815398 -0.0032043709184385216 0.010683497209537872 0.012358407073588 0.025120552765990397 0.029627794381388364 0.02350422879915272 0.20545664110756354 0.20024012525558377 -0.08628751273064275 -0.07615668252712242 -0.08581127492539771 -0.08000088158099176 
0.09403350396309473 0.09865333539554834 0.027424979118346005 0.022601472093951247 0.14258917184091505 0.1521603498343853 -0.0984959814452286 -0.11074480739187549 -0.05421043868114548 -0.05394774656987976 0.05049605838510479 0.058344833885124056 -0.09473109403106766 -0.10561354684351033 0.11562693585734696 0.1293672231205705 0.02955593829221574 0.02179999408185825 0.0640695249748155 0.06899088120055223 -0.062480386402446776 -0.06163998581209265 -0.03210521196969678 -0.03814590508790292 
0.17394243831143544 0.17199771050344778 0.08368572312876618 0.06769043329326872 0.11338064363349376 0.1163260534156683 0.07035105698831258 0.08409843343819723 0.053170041937584706 0.05192871728208824 0.10315919110669096 0.08060120386798543 -0.12270483948955592 -0.12464652212277401 0.06764468410173834 0.07614111157720506 0.10325991337988595 0.10727550983584166 0.02419169409740228 0.01509163729337369 0.007228795332926355 0.01686972052201708 0.06029916976442904 0.05428353936003468 
0.16567667855881288 0.17817798057984982 -0.01149866988112281 -0.012052130866601658 -0.024603875281491376 -0.027647797402497416 -0.16608528216854032 -0.17397249012895796 0.18458986034119074 0.1804725267852421 -0.09153807286185611 -0.0862083551987531 0.0065644182284002334 0.006312566458107161 -0.010847415025272832 -3.384336122735053e-05 0.12198039072960117 0.12734443019066277 -0.008546214184887038 -0.008756679952466775 -0.02003501383510659 -0.025826976353870764 0.0320284895034569 0.031509389115954 
-0.022608045672438435 -0.008564006809440295 -0.15998492837753234 -0.15529403556380256 0.0829879676548235 0.07813851077314807 0.02164711503655352 0.028012014875957537 -0.07786779094966893 -0.08194853242074081 0.10113705762359836 0.08842546182651062 -0.019455311821170666 -0.0068995550881003065 -0.03457843360547078 -0.04851825793234691 -0.024445217044487218 -0.027112302204637492 -0.03137663750098378 -0.04678057856119209 -0.004564807268155497 -0.020600493267375397 0.11899022588988328 0.12425552724283398 
0.03055803215125822 0.03187312920761019 0.03272957487812366 0.03489315124059076 0.0348441751307737 0.036140084399026356 0.05411878184504008 0.06204876627959405 -0.10018552784743866 -0.09531792810710452 0.25871266986711267 0.2603148792715148 0.16777637536239834 0.1594602987670342 -0.014791531745061141 -0.031433692824167865 0.00572450140154941 0.00022823574804601253 0.11655244647373497 0.13675664470884644 -0.015243980825218734 -0.02743792837963245 -0.1597977597425248 -0.1673187570815663 
0.05642723754865278 0.05579050215559042 -0.1507148339232893 -0.15157916952074463 0.0985539375752334 0.09348433830703079 0.03605131061094306 0.038033406113514905 0.00643186799903527 -0.001715147663529963 -0.08831462113472842 -0.08886279387193659 0.12298990203705418 0.14039300333850363 0.09915492730222461 0.09573471999683411 -0.10900412573673221 -0.10130273678910427 -0.21678153857621107 -0.20567740796962683 -0.15053005351694168 -0.14862020952685773 0.012367749017603055 0.023501654679403097 
0.019779619507257665 0.010004326756052851 -0.03530356107687242 -0.04154042260962923 0.09946057670926192 0.11208930577899165 -0.05916375542039533 -0.049345812539134525 0.00851357359975829 0.015171225922970221 0.08292361452784884 0.08482324483709684 0.041150575241379994 0.037822131234655276 -0.10227635361033341 -0.09932749747051264 -0.022444792865563577 -0.020527698040633834 -0.05467804786384845 -0.06075269666125999 -0.09486418957680164 -0.10919110318997162 0.08250887901696777 0.07339148861337999 
0.01883800563111251 0.018703868511375493 0.08026958823090043 0.0773903796817639 -0.05664500339104499 -0.05623111800179453 0.07378040646097603 0.06729843770229453 0.019329547342068962 0.02582476267555223 -0.09971039772499546 -0.09888721986750322 -0.17286112535172066 -0.16240987718139172 -0.03141651457026074 -0.024332409860092868 0.1072451507764436 0.10112393920679068 0.12734828372110255 0.12625400613701185 0.17279440556761808 0.18505328944811178 0.10320981661444167 0.10856600564358873 
0.24299720893585813 0.24888821617458412 -0.10167668748245547 -0.11976394922221267 0.04127010370599363 0.039955058352372924 -0.04915803247889845 -0.04728672177816699 -0.02598296258208724 -0.013194187226090417 0.035592256795720825 0.03558451511286095 0.10363770911920926 0.10696836708272 -0.10723198064502709 -0.09827090963957635 -0.051079066624006395 -0.04777173406636991 -0.1244947759984243 -0.13348214414455034 0.017451721435624224 0.009315858127675188 -0.11527357128521468 -0.11225184477432759 
-0.05616909449740832 -0.06729558971443486 0.027321960184153695 0.052082299394435726 -0.18993986198199483 -0.19603940133714243 0.020273396859445507 0.021562521636210474 0.09506982790592876 0.09627088467870777 0.02019292655290177 0.008740996744627225 0.20785584030922402 0.20827287258305058 0.047372557044393505 0.04190368396636318 -0.03189737197705147 -0.023513050097317138 0.0722312518783935 0.07061230623307606 0.04109861382247083 0.04472350181144641 -0.11588607579230534 -0.10036542019844225 
-0.00963354827560254 -0.022447536009766258 -0.04408923242374678 -0.045711644261885474 -0.06012890820957566 -0.050552297692614795 0.11996006286237719 0.10810275964865038 -0.13902938945070636 -0.14422825046679594 -0.1453272584484733 -0.14336800807158825 0.07686812758518294 0.0661142631780192 0.030222935877155382 0.03055101188777803 0.1494612334446918 0.1590009029178411 -0.06903565474605765 -0.06961353296119695 -0.2475726812809399 -0.2490902864746171 -0.020826987795999848 -0.02100603046170344 
-0.024603667661179218 -0.02801034453679711 -0.3460666719770939 -0.33206058966527663 -0.09357613520256929 -0.09682833038378545 0.07257941014884459 0.06337420361579896 -0.17331598342232077 -0.17427380740261092 -0.1298862285093073 -0.13247196859167887 0.10184591673868519 0.1097379388052024 0.053593131418741176 0.036392637180347104 0.05167513750199893 0.04643618995841585 0.022960130988580275 0.02524673295529075 0.06752038370197905 0.06244534762081293 -0.1444077392755527 -0.1336971090820222 
0.019173931359030734 0.015928015079609243 0.201019653109893 0.199924615410512 0.010565085523378863 0.008514705666383193 0.045630061573857086 0.061423863415669036 -0.10302122951558942 -0.10740022440487693 0.02893097119060092 0.017799890092821697 -0.04969442397528774 -0.05139051102234498 0.11878858371534531 0.11031710716511187 -0.054578692751771726 -0.0628007857409767 -0.09692062287195519 -0.09760072027561309 0.08383503968389511 0.08737625944352888 0.029683007097714067 0.023879891346235787 
-0.1160379952263151 -0.11285653059250782 -0.21100838779976602 -0.20794568462998464 -0.019142233948450188 -0.019691767560172203 -0.11037901634262348 -0.10865234775867094 0.05898085236965609 0.04788487617526356 0.19769860534374048 0.19203507448365176 0.06209945882489068 0.06583884102769198 -0.01178264967738678 0.001148171337141705 0.11091430210467866 0.13064562040226832 0.13437425518900162 0.1471383001380394 0.1834345965174131 0.18686899447405914 0.0009617145390776005 0.013528778011946773 
-0.060784440799586545 -0.05194796130740999 -0.0228000901987152 -0.012388237657930205 -0.13845069256971257 -0.13663262757845543 0.1197356787279456 0.12871678172418025 0.1633835739648151 0.1573658776399827 0.09715392993779055 0.1059326063829103 -0.03447404344106199 -0.039136743203227624 0.07942061302580983 0.09501119007587398 0.047951450046115084 0.0538314626814906 -0.0059996950226464925 -0.009932360388225375 -0.1399341508366513 -0.13554397847657498 -0.055887123075034253 -0.05720950725321713 
-0.13836299861901571 -0.13448461068719608 0.09966039922879201 0.11088011660012825 0.17792358214598533 0.17588200776037557 0.11588730556822995 0.11670347743043147 -0.09903882819837583 -0.10466984120926495 -0.17963151128856505 -0.18823560308821863 -0.006837548417586558 -0.0007548305790701875 -0.04838244218851831 -0.04336687997338404 0.004203799370454569 0.0005836554900626443 0.08301791240787758 0.09597874821854828 0.08407154083454281 0.08979793880691263 0.03225404539293518 0.038449308024261705 
0.07418517221414009 0.08649182437010497 0.12787235665765823 0.12314567973883217 0.19099612774846692 0.1855347056246428 0.0381923999276504 0.03975559275163665 -0.09916008965156 -0.08518878430697557 -0.07088277053918346 -0.05865520990348088 0.16654871054670722 0.1542062897180392 0.24710484900628155 0.24924768784949142 0.033674613052257524 0.04511008441409705 0.23846469355991742 0.222847008717377 0.09255045561607554 0.08523614725772935 0.06419371010569482 0.07293334445240128 
0.010349084337319693 -0.004524153912315634 -0.14102194433110096 -0.15826478602723767 -0.035494726949810915 -0.022992441795799633 0.0486093245832666 0.04162836288109623 0.03374928931542373 0.028874706713481402 -0.006065457458456274 0.006492113309604238 -0.043267652752463866 -0.028802435589143218 0.0037082471663108037 0.008835484155933925 0.05047592936357537 0.050940145637498074 -0.09116496209407646 -0.0909195168305155 -0.034910864879548205 -0.02893157378808459 0.05640936182181058 0.05319542324991776 
-0.0897063244168061 -0.08522278146504272 0.018020091785460355 0.02648916496001109 0.03174691710462698 0.026830910275855824 -0.002753600767365172 -0.008708457556896034 -0.04676048908183945 -0.053550222884833285 -0.053965169876835674 -0.050199760951797553 -0.008722024111613135 -0.006794219733920892 0.05828332059656402 0.07156057982732468 0.0711948877035146 0.054644727530968426 0.06433231604694822 0.06664149230500137 0.027497094553156028 0.02825140756565489 0.19176044033946557 0.19796894419242886 
-0.07046191075002613 -0.06840489078679285 0.04927847134314987 0.04221438441508622 0.022790372795874925 0.017752507672455942 -0.09568651893485808 -0.08760450795948416 0.14826704650624292 0.15153150674976476 -0.06735202466103013 -0.06860924457082061 -0.15154819173979153 -0.15142598963459214 0.049087596728688135 0.04942364821329488 -0.15852417321534623 -0.145870236199895 0.08799022159319912 0.10585397534360437 0.03517897209395877 0.02663918374022651 -0.06923987139370873 -0.07445490346432719 
-0.05461392249873551 -0.05093433198431054 0.03530903410186081 0.045143856625627296 -0.13975134383077614 -0.15201341953669126 -0.022708228461426762 -0.02422594199665123 0.00616740522055578 -0.0011740108894412226 -0.2984577083791741 -0.2834079442803331 -0.0005228328091326888 0.004739451483393031 0.05225040857782625 0.06486332606055191 0.07073965029729114 0.06494536484462106 0.09226278706956563 0.07381254653815851 -0.10189736718734396 -0.09045631791459204 -0.0041705918899171655 -0.0059704956537233525 
-0.024067981667698045 -0.014847967400086022 -0.03704344341125568 -0.0202567770443606 -0.05999608575018304 -0.05893816006280951 0.15302594567932193 0.15903406539606735 0.02136615919626354 0.01960610404464659 -0.15950315040152027 -0.1573824123249919 0.024782195825828766 0.02241282198589056 0.04483865949826284 0.05102552725738526 -0.10321790016533748 -0.11624315723655777 0.06820245848255191 0.07000739710467611 -0.05626683152409984 -0.05332198696516829 -0.06373589673947958 -0.07065933527294593 
0.061438294238332476 0.05489044285245106 0.07812956249508475 0.07960521676711696 0.034874594095562095 0.04945565499433412 -0.014031166335951525 -0.01949952083168366 0.01014537008551084 0.007334454180755873 -0.011337741931845688 -0.011532990198714493 -0.13162184211257158 -0.13806152650695513 0.02219880110474276 0.022768389927124166 0.030039524153989455 0.01852816854541298 -0.11993752527801305 -0.1181171190236185 -0.10066261422062607 -0.10819693440153308 -0.04911550819200598 -0.04756032183287816 
0.06842727748195838 0.09367712080810327 0.10265501324519088 0.09726807634064898 -0.09857371566213975 -0.11118718843684003 -0.016128477508619076 -0.015078034788197992 -0.0578359151641802 -0.05709603535920683 0.1055618427430708 0.11019218811557406 -0.1362709366523895 -0.13799629824287818 0.06558887206068188 0.06656801263561622 -0.033888706127701534 -0.03827463593428126 0.10571046264066424 0.10121752081320023 0.12624793802451276 0.1346514166039362 -0.03954690662226533 -0.038106855568924215 
-0.04119497537382498 -0.06707362909142747 -0.12702777713177948 -0.12778282674753116 -0.11085069898705897 -0.11323948826920041 0.2220221886345092 0.21870666917269524 0.10843666589422109 0.09413846462043061 0.062128152431767884 0.07580885869191376 0.1367492941802471 0.1272425261850687 -0.09682114335308512 -0.09808118576605816 0.12700237808464446 0.12693828161084336 -0.05420926064934238 -0.0575171979655422 0.03729613607492339 0.04529580121587911 0.01758139877585464 -0.003727202518809193 
0.05820047489375331 0.06352357499043802 -0.10757410822800119 -0.11380646309481499 0.10038597765723448 0.10804298940609405 -0.07506238661650629 -0.06755659730587073 -0.018224236500671023 -0.012088386594395553 0.07183976196681835 0.07712217743505945 -0.026933857508735025 -0.02044038744167904 -0.11368131090084825 -0.11535009048790684 -0.1314341377488485 -0.12332355919155094 0.12039558595489049 0.11155449316465435 -0.0707185711776828 -0.07903573229714271 -0.03092314996461994 -0.03558721715279863 
-0.12375125742659217 -0.1355177560503189 0.030682477175079256 0.03240878399314794 0.09404910117630211 0.08077679022893326 0.008767704071215408 -0.00961660386546969 -0.10142839988238347 -0.1264988298737743 -0.05505821716423538 -0.05808056295206657 -0.003899631759688666 -0.016748986561255064 -0.011734714719310594 -0.01854512665906437 0.1073330517899479 0.10774790721633322 0.02330315046381449 0.007186426494040222 -0.05140795277160792 -0.05954838119070505 -0.03820680463113067 -0.04069878845788668 
-0.010477133094454704 -0.010952244627510389 -0.054266303209994586 -0.04749181633509592 -0.03336440818597739 -0.03564595034611056 -0.13336916447465894 -0.13678317398386503 0.03388065368533196 0.042650795537151245 0.07478275159658052 0.07912944767454498 0.1915257433512439 0.1901800738950439 0.04446687105588693 0.05743917623056614 -0.010848423279935095 0.003087520346425107 -0.05326046117552271 -0.05342363378331825 0.021858444199910225 0.01159581772648223 -0.1647628844560343 -0.15655731874455045 
0.0033160533425864863 0.009662345993598102 0.07612792329295678 0.09404225165296083 -0.04959087600078171 -0.05295414997576058 -0.05885067526831163 -0.03608706670164898 0.10110695915165152 0.09348188176155066 -0.08073685813856128 -0.08608108875117422 0.022710242702209456 0.03157088008582007 0.06124812992408292 0.06630294934609893 0.10031931997402917 0.10474386116399394 0.0857304775418084 0.08934757242829915 0.025920720294956925 0.0354685588688251 -0.13364006077504242 -0.13550639967089925 
0.040030093319305064 0.041600965459065525 0.15356230135043827 0.14771491781755738 0.06717568667394369 0.07214057916576748 0.01981329202303257 0.022722460189579338 0.08145083513923769 0.08735287674479225 0.18054145825359041 0.19304683110728402 0.08207555622172007 0.09046142072766472 -0.14366591489503447 -0.14689759363518168 0.03126009722551432 0.027784832941863104 -0.06986514768451826 -0.06903818114300633 -0.07772966918416468 -0.08431715473190189 0.07695346104455096 0.06527392814593751 
0.016123956859292295 0.018544459529394427 0.0032965723931650715 0.004300565280326989 0.005196513828004812 0.015287269073428308 -0.07224914830307105 -0.07698253285207163 0.1540439406394773 0.15623827505885537 -0.021059082106201082 -0.023212308927034176 0.09497178939516265 0.09271265948658744 -0.16727319532491647 -0.1644656600941036 -0.03855266931694799 -0.04879287193144559 0.1743950142970196 0.1734799143705443 0.16952098756884068 0.17169843867280205 -0.025095509461452416 -0.02663991402041513 
0.0031866037972391637 0.002065234047459642 -0.12400543882532389 -0.1241782450320987 -0.0669167492779919 -0.06001011747013917 0.049350511123076535 0.05222311203589031 -0.09051528232684852 -0.09263003442980193 0.11668496747747717 0.11615277666761117 -0.07267181594661506 -0.07501596682730916 -0.17632769759585362 -0.16518491811151048 -0.028071690041279067 -0.026529443038228604 0.07948026222414309 0.08177974453101036 -0.031188836570716305 -0.034605305864226305 0.22324624243723068 0.22512354564156328 
-0.018858531430646797 -0.01151253856738758 0.002989887450315108 0.009335222254959264 0.058596975636046704 0.06382561373425495 -0.04317532559060975 -0.04401257542601664 -0.07788015318094493 -0.07611737854484912 0.13444015750023502 0.12958282436690682 -0.1269688026543145 -0.13075104077527572 0.03138340945408289 0.047633618928343884 -0.08399598405677422 -0.09519959514572197 -0.03894556834727738 -0.0421821548565589 -0.08434054264077157 -0.07700350000251144 -0.09546500356192375 -0.09830048626744131 
0.08104338085614023 0.09969314420334024 -0.0875540717065738 -0.09673258914633837 -0.14294450404062128 -0.13009042201412313 -0.058323858484195794 -0.058038564371571136 0.009405313582461921 0.0021779088737382372 -0.06087750883971932 -0.04620819365515581 0.06309637311465703 0.04977703451786501 -0.015190299722520197 -0.012835297648410392 -0.19052277604326925 -0.18982031591073806 0.170121824433307 0.1485097353303021 -0.09118479576159091 -0.10454597169186625 -0.06745763212256015 -0.06830698270482745 
0.1107230286110112 0.1216091314540459 0.08599042821076992 0.09802592761418293 0.15122645272813817 0.16456271867153338 0.11100191989848103 0.09974537234826276 -0.207837655841307 -0.2176511819163091 0.02760848602550733 0.020197662008448983 0.015222176046360445 0.02403097796573798 0.03209349024246586 0.030808228000466776 -0.035437082895938485 -0.03243657678132691 -0.10035039581082181 -0.1025496767982509 -0.06754271728306264 -0.06560928116827214 0.04177612678657974 0.04355144595741686 
0.054810870657966464 0.04170761543971462 0.1404682518394533 0.13946751371467236 0.014242500700935665 0.03365570827864358 -0.1316376370789496 -0.11200672512124765 0.0448141574198251 0.04219680911728443 0.29222778245709696 0.28425566616553644 -0.07014259067997451 -0.04852942855784969 -0.2902464989693335 -0.28716715347780125 0.16773794045395318 0.16695280557676143 -0.14994001010004507 -0.15152188773091468 0.1360487677505266 0.1281104628212384 0.021864459475668393 0.020511354669646317 
-0.23205256107304503 -0.22840383252871213 -0.08412361996858458 -0.09174308566237119 -0.18640829329433595 -0.18801983539145317 0.04442718122533379 0.03775740806493177 0.09149167062139783 0.10568369331169608 -0.17772485807664748 -0.1842802286947863 0.23846115574526172 0.2441626181402904 0.16175596418885702 0.14715175469822506 0.07349774301549294 0.07332536064720922 -0.05885228227923712 -0.06712686100457524 0.08686308023379045 0.0853967401047702 -0.06307050665413722 -0.06679397670728056 
-0.1672071412809353 -0.1616020136097576 0.012663661180942509 0.016990714679774522 -0.16605098276993094 -0.1698700092668017 0.09710467230348699 0.09656751390570374 -0.010108918008951138 -0.015849007323001187 0.030369139591374994 0.04008528808703387 -0.07374455194111197 -0.06733576755312248 -0.05880545595945976 -0.05084801053109132 -0.25711441617039815 -0.2551175938302663 -0.007136099512038012 -0.013133192868038355 0.0002709089357362212 0.003326573951439972 0.05009239545859334 0.044884025731027045 
-0.1301748699793656 -0.13420854995315834 0.09289142634847113 0.08594486076761987 -0.02479293265811363 -0.029054758002292607 0.04473900973438997 0.04682131040364925 0.0875370058267418 0.08318169133706844 0.023875844703799946 0.02311249318289108 -0.008421978164011905 -0.009976780994917889 -0.06185464582281535 -0.06608474433567738 0.04464827692326763 0.03398007490498628 -0.08928469685890617 -0.10530326383579211 0.05040560165725627 0.04847441089320897 0.15175663677127962 0.1413414748515172 
-0.23458078420918993 -0.23715618047637044 0.12178424048704818 0.11516023113160949 0.09195696118914445 0.09235690929785845 -0.06195118838760365 -0.07797657337440929 0.11708724322125316 0.12835925250243585 -0.06637409400761789 -0.07152934644129043 0.13466203176644007 0.13797946518042575 0.007115586384637898 0.012573358368279991 0.06446175741897518 0.06165141816474628 0.18826021820031855 0.16976268583869542 -0.0006392940810456061 -0.0028690498272052885 0.2969906812174544 0.30058925712671736 
-0.1294798297555048 -0.13193330299575598 -0.19477975702113717 -0.20109044115866312 0.04371304303450874 0.0384117659351172 -0.08796703761519001 -0.09403164964099532 -0.1127859728427706 -0.12477077461320386 -0.11827279501616306 -0.11570116406922491 -0.14356162348371515 -0.14390597146163392 0.08984088095847229 0.08523839899959623 -0.0395513087512623 -0.04101889366930239 0.1421227317372865 0.12953674514803495 -0.13413398757425632 -0.142748954379664 0.02885512997822369 0.014177352579587885 
0.0043895292722496045 -0.005179310726966684 0.04016371968539575 0.03607935906825747 0.01166967609718421 0.011302628309895424 -0.024007506591759667 -0.01931934408101042 0.0007579847762681049 -0.004230409710743461 0.07040929425442624 0.06192145624676988 -0.0837641867146432 -0.08258396705050533 0.0341289138715591 0.03712822715305702 -0.04978614358734446 -0.04591187657220281 -0.04351417920049182 -0.04420788565624488 0.14568902889802815 0.13424192580259595 -0.0417943582332239 -0.04908437234182953 
0.11426534572197541 0.10685455628440788 -0.021127562554405732 -0.012699988857539196 -0.022594041737668373 -0.02477287967248673 -0.19038560563894716 -0.18318673060751783 0.10794545746366863 0.11947087190578035 -0.11923541569878726 -0.128871394813203 0.04503711647712624 0.06595566428243659 0.03938665794399366 0.04948585040539099 -0.02763530900365526 -0.0266495066391144 -0.10685502489831168 -0.10893703713081669 -0.17410249719418128 -0.17925047379451287 -0.09811621957347232 -0.09205204807229134 
-0.004258421580891114 -0.01896713494179618 -0.05278284950457056 -0.05680546906913565 -0.09932586858389447 -0.0915454441171311 0.1495933872237872 0.1587253922190258 0.041256493020363494 0.049293288382452144 0.1284530539887164 0.11405526447379685 -0.08657858881053564 -0.06617181852461565 0.060277618638935646 0.050901368713187664 -0.03704429535143187 -0.04529047155738921 0.11369768178008144 0.11967570993057582 0.046501557007076706 0.035077859821469055 -0.039954168101796056 -0.04686163772096823 
-0.09138157063167743 -0.09277212456010263 0.03325567796978959 0.021339602324562175 -0.015094580944411266 -0.007548205947614592 -0.1453994070131562 -0.13833608250791748 0.09395116140180337 0.09606453136376374 -0.0729794293748181 -0.07681084832814411 -0.11664876767518154 -0.11423226829754701 0.022024580996693893 0.012042318457282028 -0.006846423316514821 -0.017574675059138088 0.037351711363734164 0.04401848378911281 0.032313286454485314 0.021817688572013955 0.09311135948713771 0.09483112161111323 
-0.03163362410269386 -0.020726452438171346 -0.022096637480012237 -0.030789266542303444 0.023137981025546085 0.04115026524265959 -0.0016067803916003463 0.004335091805598944 -0.010062346127682196 -0.02337923364845552 -0.05214307120754613 -0.046170197168111465 0.22050611081541743 0.21545470006479597 -0.15016474893299997 -0.16418777153314734 0.16945366239189638 0.16884354345307598 0.05144475938480295 0.06033542165899266 0.0593781649927195 0.06548157643337492 -0.011150800556289095 -0.0012837231747391976 
0.098587450194345 0.08226619938307682 -0.108277323636249 -0.10239239317046808 -0.05625916824372948 -0.04180803005423865 0.05198612014836651 0.03952872013440779 0.1109475840312555 0.12285846898161609 0.028744327351620295 0.04063577707546093 -0.10883208616421028 -0.10832327686266491 -0.02051169775925043 -0.01702527369266319 0.13706100320258952 0.11453246396564122 -0.06370764736864747 -0.06391599702139425 -0.07457611339230136 -0.0705837978121382 -0.1269467213220262 -0.13448998432709902 
0.2760300272702529 0.2586378968702751 -0.11671728787116079 -0.11426084201887679 0.1269468790703396 0.12245672964663226 0.10259060538365272 0.10243010276809895 0.06657004024496657 0.07102883629650233 -0.07740723955506873 -0.09101922670888785 -0.12090121022881513 -0.11064175439674054 -0.09064937877033095 -0.09929080238195992 -0.004194098713455313 -0.008790277188976679 -0.035295272101741396 -0.04555201369978235 0.09649164704196242 0.09033048798931079 -0.080259968267424 -0.08062834260834767 
-0.16370032267882448 -0.1557160902647368 -0.09307873257389034 -0.08917836650432605 0.2812330944835459 0.2926748516289125 -0.04796759767917396 -0.03181415964302915 -0.1625120807539374 -0.16130966364179616 -0.0514194847859981 -0.044621055798527584 -0.16215522910521868 -0.16593547245817813 0.1307275290738747 0.1271148631844395 -0.07215613250995948 -0.07734257364459715 -0.0754981594329973 -0.06933785848058853 0.11955348264815376 0.1054438399389072 -0.23124319734757018 -0.2331675115621713 
0.02317749148373023 0.026537219563132198 -0.14322215947181371 -0.161739806900037 0.045063020053113946 0.06699543559554491 0.16284529449679455 0.16801094522835108 -0.007017337107867547 -0.00463916642000143 -0.013472722928415256 -0.007676119023416621 0.00415591103491795 0.002692795555827303 0.07515192110302141 0.07688389920484831 0.06983231226934829 0.05792562884111482 0.05158380590921072 0.04242358446466606 0.18042895387389224 0.17956976156570242 0.048243098495324335 0.036658770174394006 
-0.049565978525030634 -0.05447962123992616 -0.06488872520131136 -0.03928597311564577 -0.05668885734100111 -0.06267300969769096 0.07116735351570465 0.06639891209453988 0.006011991355461689 0.00726743916525632 -0.08676167650118817 -0.08661555402205003 0.046715086773542094 0.046604619222435695 0.015103699968993174 0.004442101638090765 0.033052763006268256 0.03324151710014862 0.03161945978463387 0.04309051263870375 0.13598077162824915 0.14250223847043733 -0.3070395245168815 -0.3076451719908852 
0.06667209123628241 0.0590636804389985 0.1711106936181576 0.1736572556116694 -0.23735301906233713 -0.22122902326740465 0.08308824308583579 0.08225087262114279 0.10783474624727513 0.10473603251861299 -0.06532937971538415 -0.062237563398163095 -0.04538502066999616 -0.044484342562046544 0.08952798687233794 0.09454365641856186 0.01026780742459868 0.001178351079888321 -0.007792918156348931 -0.003121665598033541 -0.05804789525591877 -0.0612616778170121 0.11431411244896175 0.11862977496661611 
-0.04781881565875112 -0.03965718350856953 0.045260045780574985 0.04697057272921908 -0.0026914954863206273 0.011437709857068842 0.1225003836080316 0.12381926430271478 -0.010025400526277012 -0.01019812660957648 -0.04521580848463307 -0.05226406505346908 -0.10358058894082672 -0.11335579190238113 -0.018395800978115016 -0.0005680955894788071 -0.04295602975759989 -0.0387812046492695 0.11293967403169018 0.11288259656338889 0.1384188021404546 0.14978274172019668 0.1226117716932853 0.11362023426665031 
-0.07431443512585056 -0.08127181512186986 -0.05811755968530862 -0.05525388080330572 0.005968660341474523 -0.002856007428089993 0.0031935691112881894 -0.000835545145909748 0.24443421462738749 0.24492630148660272 0.05863498984980472 0.062229187828554494 -0.20925777521232564 -0.20044746742428282 -0.11501722308015096 -0.11325137504539735 -0.024402506541678002 -0.023619644147006687 0.08881562513001892 0.08464502950518599 0.04931876550962037 0.038953569027915566 0.18376555554783794 0.16898625323721655 
0.07579794669975537 0.07469025370702043 0.07886065860249454 0.07766155739601845 -0.036580796791228005 -0.05736184382145347 -0.12552979461050862 -0.12119566546835393 0.08042835755764097 0.07519241877433416 0.056652636576543784 0.04562193348081779 -0.019127405445954437 -0.006603698577908936 -0.0003872872120465978 0.012037298421949642 -0.05850387615839717 -0.039437955132467034 -0.0566026539313413 -0.04947225740278192 -0.03263313504794884 -0.04407634140935967 -0.024139493329543453 -0.004938800794444084 
-0.038875093245834366 -0.04118910590173255 -0.01604952921229351 -0.023837721503924197 -0.19070546971841495 -0.19260615055410843 0.12136863832353426 0.12376858186434202 -0.01440839913703801 -0.014977684504794597 -0.05494669074301766 -0.057753873717970396 -0.07644723275355235 -0.0794663145730625 -0.007202924649306596 0.0021756981670151805 -0.2286638729748489 -0.21406684712789645 -0.03276759089346893 -0.02922984174765235 0.030848402299264815 0.02748538328096491 -0.013939933810766168 -0.015975919350037494 
0.0867294583585115 0.09170096046764584 -0.007125756241820118 -0.011146016385621555 0.06334659513663252 0.05096754025962053 -0.014876181879827935 -0.009958077832228872 0.15840558062062504 0.149683251827306 -0.05871535473066475 -0.07042403267924982 -0.04776201202218868 -0.05311253637017525 0.1554602611477046 0.152956718322487 -0.12781353692769665 -0.1334297024688795 0.08823644656377332 0.09025434801544541 -0.14149011828230243 -0.15065730442664696 0.042644470943149534 0.05374805804775291 
-0.01876828295783387 -0.010043874693230377 -0.23298072336452458 -0.22802525451595648 -0.12860857461156386 -0.13888106877116346 -0.061318941318624844 -0.07144243574556548 -0.08456083288545364 -0.09520934895020161 0.11855354813308198 0.11186575977393413 -0.14213909700953195 -0.1567748459128811 0.09608768866254823 0.10959805369953333 -0.00024236594524117234 0.0014952084073753303 -0.06364826964445955 -0.05500676414768739 0.01623199142113899 0.02658827713779481 -0.03099675804976032 -0.03534779068476328 
-0.0005089106790067256 -0.00294930442873086 -0.10483309117969208 -0.10602972362244312 0.06855601478327109 0.07021744756034816 -0.11973849078203841 -0.1310997033085906 -0.015559359419963727 -0.02517865703949807 0.08384512195148139 0.09250545190680562 -0.01981904386879194 -0.009195791696085745 -0.12938296045323064 -0.11767549993963172 -0.1976976598930049 -0.19173131571085963 0.09909411300088701 0.09089739197922805 -0.09446110394654145 -0.09009988020175225 -0.04984294160845518 -0.05730360440170694 
-0.08117356330384021 -0.06530174417398169 -0.042155077542773395 -0.042480445786879664 0.013774258643074353 0.007670698443021413 0.008915788026357657 0.0230688332153337 -0.1335480222474081 -0.12349458473451976 0.046745068159196976 0.05126637011583446 0.09690232802269708 0.09181841121083563 -0.0881367215994041 -0.09857879781132983 0.2641398168478665 0.25254328014394717 0.012097695329404958 0.018472250317821893 0.027546339954451327 0.031768115190546745 0.014826125531084979 0.016365428650262647 
-0.04227296585014278 -0.04657440231570511 -0.08615781164473038 -0.0993502852653964 -0.03217349999107734 -0.03897657655446392 -0.09645402306717678 -0.08498355971519655 0.03335903446446754 0.036532735079745436 -0.12461931282895768 -0.11750207844395336 0.013792436971370338 0.011685369230778286 -0.022503733279414063 -0.034869506964313665 0.01436195644580988 0.00907483310287149 -0.05684546094046738 -0.04246714360581124 0.02893935467196485 0.028641844299867117 0.09080284957955373 0.1117366303158805 
-0.13150970908192325 -0.12979118129034606 -0.005372797442018553 0.004986557660349241 0.00022180083462451457 -0.009678121041763965 -0.03322748744186242 -0.040362846371602916 0.09756651898172057 0.09316415408143805 -0.15476871913171542 -0.1522527988721021 -0.05673922352338515 -0.0599305240019584 -0.13848164932157297 -0.14140848300230444 0.13052165535064572 0.12217332076129994 0.10424167559508231 0.09309366368126296 0.027027698800469676 0.03795742396400759 -0.05708701378142811 -0.05274210522546063 
-0.010938676654521456 0.009857692466712009 -0.07279339090513166 -0.07474527901755051 -0.07419107510095006 -0.0774491970467037 -0.0010790226647658194 0.004871444289349155 -0.09079211527377272 -0.09779776786520797 0.16657473037287052 0.1645477929777343 -0.025301089187242394 -0.01705216711275936 -0.11439317618656765 -0.11510216941267523 -0.04793828127994748 -0.0549916729135552 -0.18539177257666936 -0.18363671358931904 0.2914573767748426 0.27148900899690365 -0.021529443169832515 -0.017758888545611938 
-0.05192897044332006 -0.04942323202914286 -0.048217650999649496 -0.055631930586381335 -0.15651992436160062 -0.156893805625192 -0.09499756941981528 -0.11401044226509488 -0.039999804841659985 -0.041918620145441794 0.09143839390214027 0.09437451753067376 -0.0783132948852135 -0.07253634072319835 0.02662744726558882 0.012730312396721209 0.26836949034213103 0.27733293597015524 -0.05943287665857191 -0.06118283928243149 0.025904314873947606 0.0312791134931406 -0.21734979354552764 -0.21182375544955537 
-0.00829105846899716 -0.008017340556890908 -0.031202326714504902 -0.04470194144374665 -0.17654837247494445 -0.1589472394204562 0.029127201770215168 0.04262022539165787 0.06148215902955808 0.059854477648704746 -0.018520932066411814 -0.01686376023200397 -0.0641845094170923 -0.05404814849605652 0.0425105589298927 0.05471773109589553 0.006411059723527488 0.0020701705431210487 -0.11834934562054504 -0.12642170907138064 -0.05727781121904905 -0.04338970216113151 -0.08403393790642515 -0.09603989659819769 
-0.16341828148146711 -0.1715890361361285 0.023765449176257954 0.029920075603845277 0.021107825252890743 0.021628061853176145 0.11895593388960607 0.10249006011156248 0.016666195846793037 0.024223406028841758 0.08078858590630301 0.08145337572499695 0.11191734718360764 0.11053099674058253 -0.013063758129679354 -0.016992571993247527 0.02912426878654157 0.03286894918775002 0.09097832429125523 0.09054877020250099 -0.1314756587863904 -0.1461064363065744 -0.06281806067851263 -0.0497386971429351 
-0.04721410640297892 -0.05352525673986408 0.07205840999829659 0.07521698844601231 -0.0070539501914002895 -0.011079084473299687 -0.11254610973266926 -0.11134989475640039 -0.08857757394188788 -0.09166637382838518 0.004527438063837504 0.029577994697916787 -0.024672213490517035 -0.032920440491512847 0.04774398399165966 0.04413405085013852 0.05770137467707529 0.055760304745468475 -0.13866442450868519 -0.14671084862519543 -0.029224554494068643 -0.02099128436912096 -0.07646359619792871 -0.0778212124267956 
-0.12192670311187355 -0.12293443860879417 -0.16277530995463269 -0.1497180334356014 0.05933058890308523 0.0683253960887077 -0.15288332790820788 -0.1424122938126524 -0.04870175531875404 -0.051827429735202706 0.03254971575662091 0.029719234074660195 -0.12870461541054387 -0.13199361145769947 0.11422452521763407 0.11043562766664777 0.170984245564909 0.18102578344405826 -0.14273069246063 -0.15072995525277808 0.005115150675558715 -0.002298919438362593 0.030271152576364712 0.04172445791246283 
0.20832940928161062 0.2125228038431264 -0.02023730541157079 -0.015795329497242997 -0.00037637057062893327 0.0023497217925659347 -0.20297567497598978 -0.20749822850425204 -0.08591829885204384 -0.08843888077307882 0.030382465761178753 0.03141810927495624 0.00956368535744709 0.02293962880657531 -0.029547400129083298 -0.02501004613916095 0.15237404994553655 0.16107837083221782 0.14941083320995935 0.13705785569753517 -0.09837533756355385 -0.08551084224837172 -0.00042451466097830136 0.0007718996327020802 
