8 70
0.118266128004 0.154797583818 0.081279784441 0.144987717271 0.0663598179817 0.068268455565 0.0860765352845 0.174740821123 
1.0 1.0 1.0 1.0 1.0 1.0 1.0 1.0 0.0689410120249 1.0 0.425744652748 1.0 1.0 1.0 1.0 1.0 1.0 1.0 1.0 0.392611056566 0.44185641408 1.0 1.0 1.0 1.0 0.0460186600685 1.0 0.266266196966 0.245301932096 0.286550521851 1.0 1.0 1.0 1.0 1.0 0.499044090509 1.0 1.0 1.0 0.249606072903 0.130702108145 1.0 1.0 1.0 1.0 1.0 0.0221049133688 0.251334995031 1.0 0.291032791138 1.0 0.0785782635212 1.0 1.0 0.411213606596 0.264105945826 1.0 1.0 1.0 1.0 1.0 1.0 0.333658844233 1.0 0.25894767046 1.0 0.461026012897 0.394888550043 1.0 1.0 
1.0 1.0 0.0960262715816 1.0 1.0 1.0 1.0 1.0 1.0 1.0 1.0 1.0 0.272506296635 1.0 0.0700129345059 1.0 1.0 1.0 1.0 1.0 1.0 1.0 1.0 0.310241192579 1.0 1.0 1.0 1.0 1.0 1.0 1.0 1.0 0.222233876586 1.0 1.0 0.168882504106 1.0 1.0 1.0 1.0 1.0 1.0 1.0 1.0 1.0 1.0 1.0 1.0 1.0 1.0 1.0 1.0 1.0 1.0 1.0 1.0 0.134597465396 1.0 1.0 0.442852050066 1.0 1.0 0.374684095383 1.0 1.0 1.0 1.0 1.0 1.0 1.0 
1.0 1.0 1.0 0.322246491909 1.0 1.0 1.0 1.0 1.0 1.0 1.0 1.0 1.0 1.0 1.0 1.0 1.0 0.0289923138916 1.0 0.0446560680866 0.146059721708 0.154370680451 0.308038592339 1.0 1.0 1.0 1.0 1.0 1.0 0.268089443445 0.194085344672 0.0870925784111 1.0 1.0 1.0 1.0 0.489515066147 0.220076262951 1.0 1.0 1.0 1.0 1.0 1.0 1.0 1.0 1.0 0.267180234194 0.264483630657 0.45426645875 1.0 1.0 1.0 1.0 1.0 1.0 1.0 0.392060220242 1.0 0.44311606884 1.0 1.0 1.0 1.0 1.0 1.0 0.134918928146 1.0 1.0 1.0 
1.0 1.0 1.0 1.0 1.0 0.394794017076 0.431609749794 0.440460443497 1.0 1.0 1.0 1.0 1.0 1.0 1.0 1.0 1.0 1.0 0.120662391186 1.0 1.0 1.0 1.0 1.0 1.0 1.0 1.0 1.0 1.0 1.0 1.0 1.0 1.0 0.165763601661 1.0 1.0 1.0 1.0 1.0 1.0 1.0 1.0 1.0 1.0 1.0 0.491052120924 1.0 1.0 1.0 1.0 0.19665710628 1.0 1.0 1.0 1.0 1.0 1.0 1.0 1.0 1.0 1.0 0.438781350851 1.0 1.0 1.0 0.211923703551 1.0 1.0 0.282395094633 1.0 
1.0 1.0 1.0 0.471318632364 1.0 1.0 1.0 1.0 1.0 1.0 1.0 1.0 1.0 1.0 1.0 1.0 1.0 1.0 1.0 1.0 1.0 0.43650072813 1.0 1.0 1.0 1.0 1.0 1.0 1.0 1.0 1.0 1.0 1.0 1.0 1.0 1.0 1.0 1.0 1.0 1.0 1.0 1.0 1.0 1.0 1.0 1.0 1.0 1.0 0.0542297810316 1.0 1.0 1.0 1.0 1.0 1.0 1.0 1.0 1.0 1.0 1.0 0.0939541682601 1.0 1.0 1.0 1.0 1.0 1.0 1.0 1.0 1.0 
0.375056952238 0.323524683714 1.0 1.0 1.0 0.356072992086 1.0 1.0 1.0 1.0 1.0 1.0 1.0 1.0 1.0 1.0 1.0 1.0 1.0 1.0 1.0 1.0 1.0 1.0 0.429396271706 1.0 0.292879641056 1.0 1.0 1.0 1.0 1.0 1.0 1.0 0.496543377638 1.0 1.0 1.0 0.325337171555 1.0 1.0 1.0 1.0 0.343627750874 1.0 1.0 1.0 1.0 1.0 0.274051040411 1.0 1.0 1.0 1.0 0.142448201776 1.0 1.0 1.0 0.41425961256 1.0 1.0 1.0 1.0 1.0 1.0 1.0 1.0 1.0 1.0 0.393844664097 
1.0 1.0 1.0 1.0 1.0 1.0 1.0 1.0 1.0 1.0 1.0 1.0 0.472530335188 1.0 1.0 1.0 1.0 1.0 1.0 1.0 1.0 1.0 1.0 1.0 1.0 1.0 1.0 1.0 1.0 1.0 1.0 1.0 1.0 1.0 1.0 1.0 1.0 1.0 1.0 1.0 1.0 1.0 1.0 1.0 1.0 1.0 1.0 1.0 1.0 1.0 1.0 1.0 1.0 0.024120118469 1.0 1.0 1.0 1.0 1.0 1.0 1.0 1.0 1.0 0.286598533392 1.0 1.0 1.0 1.0 1.0 1.0 
1.0 1.0 1.0 1.0 0.104166641831 1.0 1.0 1.0 1.0 1.0 1.0 1.0 1.0 1.0 1.0 1.0 1.0 1.0 1.0 1.0 1.0 1.0 1.0 1.0 1.0 1.0 1.0 1.0 1.0 1.0 1.0 1.0 1.0 1.0 1.0 1.0 1.0 1.0 1.0 1.0 1.0 0.209227517247 1.0 1.0 1.0 1.0 1.0 1.0 1.0 1.0 1.0 1.0 1.0 1.0 1.0 1.0 1.0 1.0 1.0 1.0 1.0 0.475092530251 1.0 1.0 1.0 1.0 1.0 1.0 1.0 1.0 
0.995865464211 0.977842330933 0.986885428429 0.995159208775 0.961805045605 0.976512074471 0.750816047192 0.983836829662 0.99309784174 0.997372865677 0.997372627258 0.999998927116 0.950724065304 0.999401330948 0.9834882617 0.996501684189 0.918258607388 0.996704995632 0.980394124985 0.992037057877 0.995555222034 0.998072266579 0.994630813599 0.987780809402 0.999404072762 0.982011318207 0.99829441309 0.987913668156 0.992641031742 0.989874482155 0.996080100536 0.993912637234 0.994743108749 0.991604030132 0.997759103775 0.987616240978 0.998673796654 0.99813336134 0.997191369534 0.99645280838 0.99119079113 0.97863471508 0.997542262077 0.994263589382 0.998932301998 0.956316351891 0.97731667757 0.992079913616 0.996777355671 0.988209962845 0.909697771072 0.983721256256 0.999276936054 0.941290736198 0.99128472805 0.998351931572 0.9897762537 0.9985268116 0.997687101364 0.993372440338 0.918834328651 0.972841501236 0.990851819515 0.997812628746 0.994767546654 0.959170401096 0.992179393768 0.995547533035 0.988866865635 0.991793572903 
