70
0.995865464211
0.977842330933
0.986885428429
0.995159208775
0.961805045605
0.976512074471
0.750816047192
0.983836829662
0.99309784174
0.997372865677
0.997372627258
0.999998927116
0.950724065304
0.999401330948
0.9834882617
0.996501684189
0.918258607388
0.996704995632
0.980394124985
0.992037057877
0.995555222034
0.998072266579
0.994630813599
0.987780809402
0.999404072762
0.982011318207
0.99829441309
0.987913668156
0.992641031742
0.989874482155
0.996080100536
0.993912637234
0.994743108749
0.991604030132
0.997759103775
0.987616240978
0.998673796654
0.99813336134
0.997191369534
0.99645280838
0.99119079113
0.97863471508
0.997542262077
0.994263589382
0.998932301998
0.956316351891
0.97731667757
0.992079913616
0.996777355671
0.988209962845
0.909697771072
0.983721256256
0.999276936054
0.941290736198
0.99128472805
0.998351931572
0.9897762537
0.9985268116
0.997687101364
0.993372440338
0.918834328651
0.972841501236
0.990851819515
0.997812628746
0.994767546654
0.959170401096
0.992179393768
0.995547533035
0.988866865635
0.991793572903
